    0.0000000000E+00    0.0000000000E+00    0.0000000000E+00
    0.0000000000E+00    0.0000000000E+00    0.0000000000E+00
    0.0000000000E+00    0.0000000000E+00    0.0000000000E+00
    0.0000000000E+00    0.0000000000E+00    0.0000000000E+00
    0.0000000000E+00    0.0000000000E+00    0.0000000000E+00
    0.0000000000E+00    0.0000000000E+00    0.0000000000E+00
    0.0000000000E+00    0.0000000000E+00    0.0000000000E+00
    0.0000000000E+00    0.0000000000E+00    0.0000000000E+00
    0.0000000000E+00    0.0000000000E+00    0.0000000000E+00
    0.0000000000E+00    0.0000000000E+00    0.0000000000E+00
    0.0000000000E+00    0.0000000000E+00    0.0000000000E+00
    0.0000000000E+00    0.0000000000E+00    0.0000000000E+00
    0.0000000000E+00    0.0000000000E+00    0.0000000000E+00
    0.0000000000E+00    0.0000000000E+00    0.0000000000E+00
    0.0000000000E+00    0.0000000000E+00    0.0000000000E+00
    0.0000000000E+00    0.0000000000E+00    0.0000000000E+00
    2.3248426797E-04    2.2074704939E-04   -7.9330394695E-03
   -4.3422043357E-03   -6.4687390805E-03   -3.2894179498E-03
   -3.3024776167E-04    9.0902377313E-03    8.3770117572E-04
   -2.0120802765E-03   -6.5481147338E-03   -1.0474307630E-02
   -1.9449236686E-04   -1.2901916361E-02   -1.9820391280E-02
    5.1716560730E-03   -7.4473558256E-03    1.1318277832E-02
   -2.8062531058E-03    1.6633543032E-02    5.4852540423E-03
    7.1766582042E-03    8.3964488810E-03   -4.3125993982E-03
    1.1374132027E-02   -8.3956414760E-03   -8.2003031416E-04
    8.2105330244E-03   -2.1749663294E-02   -1.1864726244E-02
    2.6754750068E-03    7.6864933416E-03   -2.1729544922E-02
   -6.3725014976E-03   -4.4512457411E-03    6.5181036849E-03
   -6.7057028726E-03   -6.8967894488E-03   -8.4928255547E-03
    4.1807320846E-03   -2.0137452553E-02    1.9321506222E-02
   -8.1948493211E-03    8.6698097403E-03   -1.2246621767E-02
   -9.2090717422E-03    6.3118018835E-03   -1.0303266954E-02
    1.5213936950E-02    1.2494693089E-03    1.4384231894E-02
   -8.2486258957E-03    1.2420061255E-02    1.4442049310E-02
   -9.4763860065E-03   -7.6340984032E-04    3.0001719401E-02
   -2.7870728583E-04    1.9973171411E-03   -1.6741705688E-02
    1.1421829078E-02   -2.5360864598E-03    1.2024204285E-02
    5.5358329690E-03   -3.9142970968E-02   -2.1392947169E-02
    9.7483006621E-03    9.2674548377E-03   -2.3499120576E-03
   -1.4183065012E-02   -3.3455841438E-03   -1.2093176451E-03
   -7.6702780042E-03   -5.7061661175E-03    9.4218357852E-03
    5.7187815844E-03   -7.8543187748E-03   -2.3869759542E-04
   -3.8687470023E-03   -1.5798303193E-02   -1.1125096605E-02
    2.4544489005E-02    1.8347767327E-02   -1.0143197916E-03
    3.7214291105E-02   -2.2855681811E-02    1.0020807412E-03
   -1.0461011251E-02   -3.0652384267E-02    3.0606122371E-02
   -2.6634246525E-02    1.3782883641E-04    7.9182164026E-04
   -1.5003051193E-02   -1.2485915447E-02   -2.7954637347E-03
   -4.0679929877E-02   -1.0180159577E-01    4.1984836548E-02
    0.0000000000E+00    0.0000000000E+00    0.0000000000E+00
    0.0000000000E+00    0.0000000000E+00    0.0000000000E+00
    0.0000000000E+00    0.0000000000E+00    0.0000000000E+00
    0.0000000000E+00    0.0000000000E+00    0.0000000000E+00
    0.0000000000E+00    0.0000000000E+00    0.0000000000E+00
    0.0000000000E+00    0.0000000000E+00    0.0000000000E+00
    0.0000000000E+00    0.0000000000E+00    0.0000000000E+00
    0.0000000000E+00    0.0000000000E+00    0.0000000000E+00
    0.0000000000E+00    0.0000000000E+00    0.0000000000E+00
    0.0000000000E+00    0.0000000000E+00    0.0000000000E+00
    0.0000000000E+00    0.0000000000E+00    0.0000000000E+00
    0.0000000000E+00    0.0000000000E+00    0.0000000000E+00
    0.0000000000E+00    0.0000000000E+00    0.0000000000E+00
    0.0000000000E+00    0.0000000000E+00    0.0000000000E+00
    0.0000000000E+00    0.0000000000E+00    0.0000000000E+00
    0.0000000000E+00    0.0000000000E+00    0.0000000000E+00
    0.0000000000E+00    0.0000000000E+00    0.0000000000E+00
    0.0000000000E+00    0.0000000000E+00    0.0000000000E+00
    0.0000000000E+00    0.0000000000E+00    0.0000000000E+00
    0.0000000000E+00    0.0000000000E+00    0.0000000000E+00
    0.0000000000E+00    0.0000000000E+00    0.0000000000E+00
    0.0000000000E+00    0.0000000000E+00    0.0000000000E+00
    0.0000000000E+00    0.0000000000E+00    0.0000000000E+00
    0.0000000000E+00    0.0000000000E+00    0.0000000000E+00
    0.0000000000E+00    0.0000000000E+00    0.0000000000E+00
    0.0000000000E+00    0.0000000000E+00    0.0000000000E+00
    0.0000000000E+00    0.0000000000E+00    0.0000000000E+00
    0.0000000000E+00    0.0000000000E+00    0.0000000000E+00
    0.0000000000E+00    0.0000000000E+00    0.0000000000E+00
    0.0000000000E+00    0.0000000000E+00    0.0000000000E+00
    0.0000000000E+00    0.0000000000E+00    0.0000000000E+00
    0.0000000000E+00    0.0000000000E+00    0.0000000000E+00
    1.5833166110E-02   -8.7132572800E-03   -2.5882846430E-03
    6.5862303336E-03   -6.4951218642E-03   -1.3830164105E-02
   -1.5096579566E-02   -1.2487590234E-02    5.6526124962E-02
   -2.3988686596E-03   -8.2777048114E-04   -1.3311707524E-02
    1.1516580452E-02    4.6675816881E-03    1.2776729701E-02
    2.5694661025E-03    1.2355138529E-02    1.8309292533E-04
    9.3088176180E-04   -3.7458870106E-03   -4.3990305157E-03
    2.7432458066E-02   -1.2435241265E-01    1.6895227925E-01
    2.0052403784E-02    1.4824467052E-02   -1.8638438824E-02
   -3.9168461822E-04   -6.8124109824E-03   -2.2177375667E-03
    1.6935706985E-03    6.9625826030E-03   -3.4857928392E-03
    1.1898414114E-02    4.4985361416E-04    3.1709933957E-03
    1.4906349328E-02    1.3512546311E-04    1.5955981661E-02
   -1.3067805431E-02    5.4223285380E-03   -1.6099127877E-02
   -6.9056282282E-03    8.5559558508E-03    1.8582737929E-03
    3.5826325693E-03    1.5707794210E-02    5.4249307053E-03
    5.0982890455E-03   -3.8924874151E-02   -2.0038332782E-02
    1.7627680348E-03    3.9589573674E-03   -3.1144148691E-03
    3.7018466053E-02   -2.8201983767E-02    6.4147880860E-03
    3.9579059333E-03   -9.9087079467E-04   -8.5371790303E-03
   -1.1085224206E-02    1.9787220049E-02    2.5224332474E-03
   -2.7061270882E-02   -1.8922749206E-02    9.9309320142E-03
    9.2556897525E-03    7.4535490987E-03    1.8992435421E-02
   -3.2452412068E-03   -7.6245007949E-03    1.5694632838E-03
    2.4926329581E-02    2.0941672446E-02   -8.8166101758E-03
   -1.3326002697E-02    1.3014273244E-02   -1.2165926803E-02
   -3.7806854047E-03    2.9169594991E-04   -3.0492205825E-02
   -7.4755472204E-03    4.1620613731E-03   -2.2514575320E-03
   -9.2479381386E-03   -1.3142343057E-03   -1.0152976912E-02
   -1.2828073303E-02   -3.5505039556E-02    8.9120681074E-04
    4.7449718717E-03    3.3437264465E-03   -1.1540794569E-02
    2.2593885883E-02   -1.5092227440E-02   -1.8148350331E-02
    4.8742299440E-02   -3.2170509075E-02   -3.6492013626E-02
    2.6784573800E-02    6.3031949880E-02   -2.6722110220E-01
   -1.2397509848E-02    2.1340042907E-02    1.0351690117E-02
    2.5341305926E-02   -2.3913421142E-02    6.2842772219E-03
   -5.9689361742E-03   -4.0864129614E-03   -2.3998129454E-02
   -1.3641016586E-02   -6.2929433336E-03   -1.7728457855E-02
   -1.2044809007E-02    1.8184315752E-02    2.6688655027E-02
    6.9257434049E-02    4.7947912990E-03   -3.0086228626E-02
    2.6556349308E-03    2.7987487021E-03   -1.1224765903E-02
   -2.1740697932E-05   -4.1603393990E-03   -2.2169615704E-03
   -2.0577414166E-02    2.3241604249E-02   -1.6814885807E-02
   -1.4391304591E-02    2.0729142145E-03   -4.2124795354E-03
   -1.3093437289E-02    1.8463093308E-02    5.7168238342E-03
    2.0199313982E-03   -4.0475318857E-03    9.3418664884E-03
   -5.9321169165E-02    6.9842295361E-02    4.4852535861E-02
   -1.9377803698E-03   -5.3372866098E-03    1.2928230510E-02
   -1.2574429502E-02   -2.1676790123E-02   -2.1250549208E-02
    2.6258799014E-02   -2.9122669003E-02   -6.6695364416E-02
   -7.4304235519E-03   -2.4109112718E-02   -1.8586997465E-02
    4.0864778327E-02    3.2900872430E-03   -2.6545127382E-02
    2.6631148032E-03   -2.5281588233E-02    2.7469018151E-02
   -5.6386722613E-03    2.2352897391E-01    1.1859820671E-01
    7.3733959070E-02   -1.8277925111E-01   -6.6099424222E-02
   -1.3275348899E-02   -3.5045069537E-02    7.3305578366E-02
   -1.5554724252E-02    1.0966073746E-02    2.4617872522E-03
    2.1685013546E-03   -2.0198113415E-02   -1.1263639366E-02
    1.0098019473E-03    4.6598914469E-03    3.8085786082E-02
    1.2685028304E-02    8.3101196714E-03   -6.2389867036E-02
    3.1453321372E-02   -1.2184689330E-03    2.0243785970E-02
   -2.0124648974E-02    8.3997701212E-03   -1.0809811582E-02
   -4.5579603808E-03   -4.4410540705E-02   -1.2109941778E-02
   -8.6723863502E-03    2.6892947540E-03    1.2184706411E-02
    4.4367848153E-02    1.1114707196E-01    1.7115316501E-01
   -1.3647327267E-02    1.3310557246E-02    7.8823430822E-03
   -4.2336001015E-02    4.5535369764E-02   -1.2959133869E-01
   -7.8423393110E-02   -2.0135258980E-01   -1.6304409051E-01
   -1.0558114322E-01    6.5569768977E-01   -5.9396997492E-02
   -7.4179386599E-03    9.7799274829E-04    1.7040570269E-03
   -1.2644575945E-02   -1.7216465569E-02    8.5726466762E-03
   -4.0856693727E-03    2.7394528338E-03    2.1882973967E-03
    7.4959354024E-05   -3.7210099090E-03    2.1957445439E-02
   -6.0996558305E-03    1.0719888703E-03    3.8010755389E-04
   -4.6180288308E-03    3.2196236311E-04    1.5392881676E-03
    6.7955433518E-03   -7.5115443392E-03   -2.7260590148E-03
    5.9741129205E-04    7.5782834281E-05    8.3438429291E-03
    5.5268379247E-02   -2.5611230770E-02    3.0623587025E-02
   -6.4406345975E-02    8.3033178841E-02    1.8654055726E-01
    5.0385260504E-02   -2.4318116683E-02    1.0595231400E-02
    1.9298747465E-02   -4.5154810339E-02   -8.1646240013E-03
    6.6543854796E-03   -8.4617680982E-02    2.2342538472E-02
   -5.7463708429E-03   -1.0727539918E-03    2.4884283764E-03
   -6.1453240276E-03   -2.5593815483E-02    2.0513885615E-02
   -9.8328825250E-03    9.1037106152E-03   -9.5071298541E-05
    6.6270436621E-03   -2.0545013753E-02    1.1378275070E-02
   -1.6863558664E-03   -1.5672115181E-02    1.0079738907E-01
    1.8448963416E-02   -6.9147629014E-02   -4.0094086833E-03
