    0.0000000000E+00    0.0000000000E+00    0.0000000000E+00
    0.0000000000E+00    0.0000000000E+00    0.0000000000E+00
    0.0000000000E+00    0.0000000000E+00    0.0000000000E+00
    0.0000000000E+00    0.0000000000E+00    0.0000000000E+00
    0.0000000000E+00    0.0000000000E+00    0.0000000000E+00
    0.0000000000E+00    0.0000000000E+00    0.0000000000E+00
    0.0000000000E+00    0.0000000000E+00    0.0000000000E+00
    0.0000000000E+00    0.0000000000E+00    0.0000000000E+00
    0.0000000000E+00    0.0000000000E+00    0.0000000000E+00
    0.0000000000E+00    0.0000000000E+00    0.0000000000E+00
    0.0000000000E+00    0.0000000000E+00    0.0000000000E+00
    0.0000000000E+00    0.0000000000E+00    0.0000000000E+00
    0.0000000000E+00    0.0000000000E+00    0.0000000000E+00
    0.0000000000E+00    0.0000000000E+00    0.0000000000E+00
    0.0000000000E+00    0.0000000000E+00    0.0000000000E+00
    0.0000000000E+00    0.0000000000E+00    0.0000000000E+00
   -1.9091698945E-03   -2.4923165007E-03   -3.0310602414E-04
    9.8652487757E-06   -2.7813123667E-04   -4.0267679236E-04
    1.7892467742E-03   -1.6147959285E-03   -2.7547427105E-04
    2.8890514431E-03    4.1008742560E-03   -3.3380535445E-03
    8.8151677252E-04    2.3174555047E-04   -6.8051201684E-04
   -4.7026893314E-04   -7.3129277845E-05    1.2708840707E-04
   -7.9048813649E-04   -2.1348933985E-03   -1.7822986535E-03
    6.1426898288E-04   -2.8846650145E-03    9.6750064494E-04
   -1.3495996106E-04   -3.2126106137E-04    2.9433095731E-04
   -2.8287318044E-03   -1.3141527349E-04    3.5789854714E-04
   -3.1409428528E-04   -6.2876025983E-04   -1.7597171207E-04
    4.7548620685E-03   -3.9764321808E-03    3.0073679842E-04
   -7.7371783787E-04   -6.8010036879E-04   -1.6426155973E-03
   -3.7067224763E-03    2.6699806142E-04   -6.6929007883E-03
    1.3569794938E-04   -7.3482216464E-03   -1.0644543913E-02
   -5.0887403962E-03   -3.7393732791E-03    5.9485594541E-03
   -2.2721256680E-03    1.0033820157E-03    1.3353735766E-03
   -2.9683716348E-04    1.1942325843E-03   -9.4152169461E-05
   -1.5324210724E-02    1.3312379101E-02   -2.2791352347E-02
    4.6113264187E-03   -1.4077545912E-02    1.0086267459E-03
    2.3996192770E-03   -3.7039062451E-05   -3.0975038443E-04
   -1.2947540453E-03   -9.1648989565E-04    1.3007440827E-03
    1.3374501834E-03   -4.1722647650E-03   -1.2272693516E-03
   -1.4734699111E-03   -4.8096455295E-03    2.9477635985E-02
    1.8542156944E-03   -2.9580997159E-03   -3.1206534240E-03
    1.9453565005E-03   -7.7654121660E-04    5.8564615638E-04
    9.1724494603E-04    4.1194574389E-03   -2.6699223479E-03
    1.9089026316E-02   -2.9457688720E-02   -3.8903439946E-02
   -1.2123236510E-03   -1.3915333381E-03   -7.0153538573E-03
   -1.1896757585E-03   -7.2635929669E-05    1.2320277866E-03
    1.0418613305E-02    3.0693688313E-03    6.5178998710E-03
    1.5551549579E-02   -1.6150992473E-02    1.0769190825E-03
    1.4063059692E-01    7.7044484379E-02   -1.6967371784E-01
    0.0000000000E+00    0.0000000000E+00    0.0000000000E+00
    0.0000000000E+00    0.0000000000E+00    0.0000000000E+00
    0.0000000000E+00    0.0000000000E+00    0.0000000000E+00
    0.0000000000E+00    0.0000000000E+00    0.0000000000E+00
    0.0000000000E+00    0.0000000000E+00    0.0000000000E+00
    0.0000000000E+00    0.0000000000E+00    0.0000000000E+00
    0.0000000000E+00    0.0000000000E+00    0.0000000000E+00
    0.0000000000E+00    0.0000000000E+00    0.0000000000E+00
    0.0000000000E+00    0.0000000000E+00    0.0000000000E+00
    0.0000000000E+00    0.0000000000E+00    0.0000000000E+00
    0.0000000000E+00    0.0000000000E+00    0.0000000000E+00
    0.0000000000E+00    0.0000000000E+00    0.0000000000E+00
    0.0000000000E+00    0.0000000000E+00    0.0000000000E+00
    0.0000000000E+00    0.0000000000E+00    0.0000000000E+00
    0.0000000000E+00    0.0000000000E+00    0.0000000000E+00
    0.0000000000E+00    0.0000000000E+00    0.0000000000E+00
    0.0000000000E+00    0.0000000000E+00    0.0000000000E+00
    0.0000000000E+00    0.0000000000E+00    0.0000000000E+00
    0.0000000000E+00    0.0000000000E+00    0.0000000000E+00
    0.0000000000E+00    0.0000000000E+00    0.0000000000E+00
    0.0000000000E+00    0.0000000000E+00    0.0000000000E+00
    0.0000000000E+00    0.0000000000E+00    0.0000000000E+00
    0.0000000000E+00    0.0000000000E+00    0.0000000000E+00
    0.0000000000E+00    0.0000000000E+00    0.0000000000E+00
    0.0000000000E+00    0.0000000000E+00    0.0000000000E+00
    0.0000000000E+00    0.0000000000E+00    0.0000000000E+00
    0.0000000000E+00    0.0000000000E+00    0.0000000000E+00
    0.0000000000E+00    0.0000000000E+00    0.0000000000E+00
    0.0000000000E+00    0.0000000000E+00    0.0000000000E+00
    0.0000000000E+00    0.0000000000E+00    0.0000000000E+00
    0.0000000000E+00    0.0000000000E+00    0.0000000000E+00
    0.0000000000E+00    0.0000000000E+00    0.0000000000E+00
   -8.9807232911E-04   -4.6096977241E-04   -3.6154540270E-04
    1.6309142728E-04   -9.6608210070E-04   -7.6536231348E-04
   -3.5173576991E-04    7.4794578529E-04   -1.0439355768E-03
   -1.4783915061E-03   -2.1061663325E-03   -4.6561083588E-03
    1.1221654928E-03   -3.3464504281E-04   -5.3259099110E-04
   -2.5946501176E-03   -5.9250319730E-04   -2.2911257801E-03
   -8.4691443827E-04   -9.7037869751E-05   -1.5736817966E-03
    6.4673142638E-03   -1.8318578362E-03   -2.5993743772E-03
    1.9845337858E-03   -6.6441132824E-04   -1.4004509201E-03
   -1.0248870312E-03   -2.7427689062E-04   -3.8792253348E-04
   -3.7009441178E-03   -3.3127611525E-03   -3.4541307542E-03
    3.2689039664E-04   -1.7701799993E-05   -2.8126067782E-03
    3.7946395741E-04    5.1187848755E-04   -2.6622254981E-04
    7.8476942763E-04   -1.7046641690E-03   -5.5828751763E-03
   -4.9434410715E-05    3.8544402398E-04   -4.1255834122E-04
    1.3733684261E-03   -2.6129709893E-04    1.3323833638E-04
    2.8170322911E-03   -7.1748781377E-04   -3.5463595659E-03
   -3.9247732026E-04   -1.1888711723E-04   -3.2760307951E-03
   -1.2330643423E-04   -1.0684779167E-03    1.6287826165E-03
    6.9199410842E-04    2.1218355396E-03   -3.4190352536E-04
    5.0592500348E-04    8.2654546501E-04   -1.7180840212E-03
    1.7624985904E-03   -3.0279487716E-05    1.4032392101E-03
   -8.1053510516E-03   -1.3808835593E-03   -1.0707064946E-02
    4.4971626272E-04   -2.5284975870E-03   -1.4967248267E-03
    6.8430436735E-04   -6.4927856620E-04   -3.5189249096E-04
    2.6142022619E-05   -8.8394833893E-04    6.0677062711E-04
   -3.4535928898E-03   -2.7257973558E-03   -7.0881025455E-04
   -7.9804459055E-04   -7.7033051278E-04   -3.1601705318E-02
    9.1881336977E-04    1.7402678473E-04   -2.9523853883E-03
    1.8145024422E-03    9.7508491983E-04   -7.6495243439E-04
    5.0814312448E-04   -4.0567632788E-04   -1.3040247151E-03
    7.0921633039E-03   -1.4690058573E-02   -1.1581197261E-02
    1.0792592279E-02    1.2091846541E-03   -1.5142620343E-03
    2.9294427745E-03   -1.1255683268E-03    8.0004436076E-04
   -1.5925348628E-02    2.7372243319E-03   -1.6437983701E-04
   -1.7313237152E-03   -8.9173083276E-04   -7.3400025224E-04
    2.6416169706E-03    6.6006979002E-04    4.7209904931E-04
    6.2528563229E-04    2.9866947066E-03    2.8296801371E-03
   -1.2389938834E-02   -1.2689270880E-02   -7.4199923530E-03
    3.5111832608E-03    1.1161056205E-03   -1.2690830771E-03
    4.4585205608E-03   -3.7269969683E-04   -2.7822516969E-03
   -2.1839709168E-03    4.6305928068E-03   -4.1916634984E-03
    9.0161762263E-04   -8.7800357029E-03   -7.3067011824E-03
    9.8780273905E-03   -1.6877082982E-03    5.8067230204E-03
    4.2085745537E-03   -1.9595067225E-03    2.1024387069E-03
   -2.3701612061E-04    4.8006298331E-04    3.7401832923E-04
   -2.4971405565E-02   -7.7385964022E-02   -8.1061532938E-02
    6.5666314030E-03    3.4872603828E-03    6.3982343029E-03
    5.5974379497E-03    1.3878311599E-03   -1.0437047014E-03
    7.6174573336E-03    2.4002322183E-03    1.6056000953E-02
   -1.1811075469E-03   -4.5159731699E-03   -7.7121060201E-04
    2.0429469458E-03   -3.4372999303E-02   -3.5849499529E-02
    9.7054150840E-03   -4.1586949526E-03    3.0370905774E-03
    4.1444624187E-03   -2.8302057723E-03    9.2326182784E-03
    2.4712041480E-03   -5.5490698370E-03    5.3373696238E-03
    5.6754575304E-03    4.1393567536E-02   -4.6458106407E-02
    7.5804361970E-03   -2.0385301737E-03    5.4561667163E-03
    5.7769931034E-03    1.5106437638E-03    3.3312006672E-03
   -3.2473143871E-03   -4.0054647850E-03    1.1223235254E-02
    6.5036584324E-03   -1.7981663707E-02    4.1504626370E-03
   -4.6461670245E-03   -3.0401004857E-03   -9.1512950718E-04
    1.9904227065E-03    1.0426779843E-03    1.1474471755E-04
    4.4001665870E-02    4.0577469214E-02    8.3610525553E-03
   -5.7613968153E-03   -2.0486331656E-03    1.6154902567E-03
    6.8088455923E-02   -4.3013317991E-02   -1.3363515348E-01
    1.6432196990E-02    2.2236189120E-02   -2.2000404358E-02
    1.9172429246E-01    3.4502889098E-01    6.4016222008E-02
   -5.5108743445E-01   -1.8138363159E-01    6.2418446335E-01
