    0.0000000000E+00    0.0000000000E+00    0.0000000000E+00
    0.0000000000E+00    0.0000000000E+00    0.0000000000E+00
    0.0000000000E+00    0.0000000000E+00    0.0000000000E+00
    0.0000000000E+00    0.0000000000E+00    0.0000000000E+00
    0.0000000000E+00    0.0000000000E+00    0.0000000000E+00
    0.0000000000E+00    0.0000000000E+00    0.0000000000E+00
    0.0000000000E+00    0.0000000000E+00    0.0000000000E+00
    0.0000000000E+00    0.0000000000E+00    0.0000000000E+00
    0.0000000000E+00    0.0000000000E+00    0.0000000000E+00
    0.0000000000E+00    0.0000000000E+00    0.0000000000E+00
    0.0000000000E+00    0.0000000000E+00    0.0000000000E+00
    0.0000000000E+00    0.0000000000E+00    0.0000000000E+00
    0.0000000000E+00    0.0000000000E+00    0.0000000000E+00
    0.0000000000E+00    0.0000000000E+00    0.0000000000E+00
    0.0000000000E+00    0.0000000000E+00    0.0000000000E+00
    0.0000000000E+00    0.0000000000E+00    0.0000000000E+00
   -1.1980985958E-03    4.0736714196E-03    1.2482326694E-02
    1.3597178546E-03   -2.6045574191E-03   -7.0356069974E-03
    7.5485461907E-03    3.4709595485E-03   -8.8001103126E-03
    3.5955131629E-03   -1.3408921509E-02   -7.4016244401E-03
    3.7586727567E-03   -8.5832972399E-03    5.9190432705E-03
    1.5031258089E-02   -4.6902519394E-03   -5.0417445278E-03
    1.7525863438E-02    2.1531377061E-03   -1.2861941283E-02
   -1.8854749192E-03    4.8495539483E-03   -2.0091284945E-03
    8.0488179096E-03   -2.1774692440E-03    6.4698068545E-03
    1.5165615679E-03   -2.6343162633E-03    3.1060609471E-03
    2.7912177955E-02    5.0205624096E-03    3.6782391124E-03
    2.1957202285E-02   -1.2017105486E-02   -8.3254562208E-04
    3.4256800036E-03   -9.0016722078E-04    7.3439061785E-03
    3.9920563621E-03   -1.0656984863E-02   -2.7002630206E-02
   -2.6695269035E-03    1.1711633429E-02    8.0660961594E-03
    1.0267961118E-02   -7.9034114767E-03   -7.2927261510E-03
    5.6472059736E-03    1.7713710471E-02   -3.9042700514E-02
    6.2576672440E-03   -3.4300088822E-03   -1.3111775583E-03
    5.6993546621E-03    2.2091636185E-02   -4.3084173467E-02
    5.1516598723E-03    1.0087397950E-02   -2.1947177746E-03
   -3.4871577901E-03   -7.8357627799E-03    1.5367987765E-02
   -8.1099329460E-03    1.1655564970E-02   -4.6372966208E-03
   -3.3295666901E-03    1.9742046236E-02    1.5249352765E-02
   -1.7150265744E-02   -1.0441216554E-02   -2.4616844980E-02
   -1.1023432362E-02   -1.0275284983E-02    6.8421348310E-03
   -7.8326073316E-03   -3.1579677507E-04   -8.9143264447E-03
   -2.8387678191E-03   -4.8245306319E-03   -1.0078815555E-02
   -1.0863098267E-02    4.1763268833E-02    4.5027730579E-02
   -1.1397168438E-03   -2.9021471006E-02    1.0625196104E-02
   -1.0628351304E-02   -2.6840753873E-03   -2.8887460006E-03
    2.3395547113E-02    9.3444404174E-03   -1.8185165500E-02
   -1.9129487336E-02    1.2327018990E-02    1.5983025103E-03
   -1.9632097363E-01    7.1105828524E-02   -4.2673564349E-02
    0.0000000000E+00    0.0000000000E+00    0.0000000000E+00
    0.0000000000E+00    0.0000000000E+00    0.0000000000E+00
    0.0000000000E+00    0.0000000000E+00    0.0000000000E+00
    0.0000000000E+00    0.0000000000E+00    0.0000000000E+00
    0.0000000000E+00    0.0000000000E+00    0.0000000000E+00
    0.0000000000E+00    0.0000000000E+00    0.0000000000E+00
    0.0000000000E+00    0.0000000000E+00    0.0000000000E+00
    0.0000000000E+00    0.0000000000E+00    0.0000000000E+00
    0.0000000000E+00    0.0000000000E+00    0.0000000000E+00
    0.0000000000E+00    0.0000000000E+00    0.0000000000E+00
    0.0000000000E+00    0.0000000000E+00    0.0000000000E+00
    0.0000000000E+00    0.0000000000E+00    0.0000000000E+00
    0.0000000000E+00    0.0000000000E+00    0.0000000000E+00
    0.0000000000E+00    0.0000000000E+00    0.0000000000E+00
    0.0000000000E+00    0.0000000000E+00    0.0000000000E+00
    0.0000000000E+00    0.0000000000E+00    0.0000000000E+00
    0.0000000000E+00    0.0000000000E+00    0.0000000000E+00
    0.0000000000E+00    0.0000000000E+00    0.0000000000E+00
    0.0000000000E+00    0.0000000000E+00    0.0000000000E+00
    0.0000000000E+00    0.0000000000E+00    0.0000000000E+00
    0.0000000000E+00    0.0000000000E+00    0.0000000000E+00
    0.0000000000E+00    0.0000000000E+00    0.0000000000E+00
    0.0000000000E+00    0.0000000000E+00    0.0000000000E+00
    0.0000000000E+00    0.0000000000E+00    0.0000000000E+00
    0.0000000000E+00    0.0000000000E+00    0.0000000000E+00
    0.0000000000E+00    0.0000000000E+00    0.0000000000E+00
    0.0000000000E+00    0.0000000000E+00    0.0000000000E+00
    0.0000000000E+00    0.0000000000E+00    0.0000000000E+00
    0.0000000000E+00    0.0000000000E+00    0.0000000000E+00
    0.0000000000E+00    0.0000000000E+00    0.0000000000E+00
    0.0000000000E+00    0.0000000000E+00    0.0000000000E+00
    0.0000000000E+00    0.0000000000E+00    0.0000000000E+00
    2.6994198070E-02   -1.0578983414E-02    5.6537287030E-03
    5.6370022099E-03   -2.4240179196E-03    9.5123014688E-05
    1.1836793634E-02    6.3096722941E-03   -1.5148272016E-02
    1.8506246240E-02   -4.8872783692E-03    3.9211897671E-04
    2.4363585070E-03    1.3595394466E-03    5.8473163542E-03
    6.5925460322E-03   -4.2895418170E-03    2.3151207251E-04
   -1.5325785296E-02   -1.4227471195E-02    1.3733790334E-02
    1.6311235226E-02   -1.1382614384E-02   -1.1160604633E-03
   -9.7486298341E-03    5.1051523259E-03   -3.7803025613E-04
    1.0114808903E-02    7.4118637196E-03    4.7930858215E-03
    1.6686656773E-02   -3.1892023553E-04   -1.9402855396E-02
    1.9105308912E-02   -1.7548073358E-02    1.4211441390E-03
    1.3200235738E-02    1.2447676784E-03    9.4480882400E-03
    1.3158516288E-02   -1.4033509845E-02   -3.5938444699E-02
    3.0078115000E-02    4.3499783796E-02   -2.0762854185E-02
    1.3657465478E-02   -1.3084134395E-02    2.0626020537E-03
    1.1381734252E-02    2.7846508280E-03   -2.3486590615E-05
   -5.0979499616E-02    7.8066982244E-02    1.0579332388E-01
    3.1038193812E-02   -2.1163174902E-02   -3.4184600145E-02
    2.1574277365E-02   -1.6463760354E-03   -6.9086192754E-05
    9.1939130360E-03   -2.1084496103E-02    2.7819019814E-02
    1.4214037130E-02   -2.2311807703E-04    1.0025119629E-02
   -1.3865521251E-01   -3.8163989805E-02    1.2777401700E-01
    1.2114931620E-02   -1.1191013865E-02    4.5291352785E-03
   -1.1203992911E-01   -6.5412711263E-03   -1.5438577243E-01
   -3.5706401739E-02    5.8432245871E-03   -1.1519176904E-02
    3.9263615538E-03    2.7738234129E-03    1.6003732866E-02
   -8.7755571105E-03   -5.4079659080E-03    1.5791008137E-02
    3.9143795461E-02   -1.5615766462E-02    4.1058180393E-03
    1.7131381737E-02   -2.9474546090E-03   -4.3827794737E-03
    1.2273897135E-02   -1.2810177190E-02    1.5550847722E-02
    1.5073258615E-02   -9.9483109246E-03    2.6930379337E-02
   -3.2048479540E-02   -2.7288436419E-02    5.3659601907E-03
    2.2898533810E-03   -5.8789323193E-03   -1.7972463793E-03
    5.7145021588E-02   -3.6811706152E-02   -5.2739268377E-02
   -4.0123392831E-03    1.6069051151E-02    1.6596468242E-03
   -1.2791086944E-02   -3.9143558459E-04   -1.0036107808E-03
   -1.0742408058E-01   -6.8395399656E-02    9.8950671040E-02
   -1.0956445168E-02    1.1094137691E-01   -3.2466314562E-02
   -2.2537472401E-03   -1.4148575915E-02    2.4202510795E-02
   -8.9225464342E-03    7.5660229556E-03    4.3243476292E-03
   -1.6419117820E-02   -6.1977060198E-03   -2.9341443916E-02
    2.5065682803E-02    6.4930706059E-02    3.3901511819E-02
   -5.0046450297E-02   -4.3200941421E-04    2.3634215012E-02
   -3.3129279544E-03   -1.8432049116E-02   -9.3603129350E-03
   -1.5456153257E-02   -4.3713738808E-03    8.5006936851E-03
   -2.8145641449E-02    5.0460644882E-03   -2.2480508670E-01
   -8.2996871563E-03   -1.7915613637E-02    1.6972947125E-02
   -2.1552299304E-02   -2.2706369054E-02    2.2834237716E-02
   -6.3833822277E-02   -6.8737634312E-02    4.7170690975E-02
   -3.4637018217E-04   -1.5469054617E-02   -4.7409654403E-03
   -1.7266212110E-02    1.6197784288E-02    1.4331842472E-01
   -6.9350973684E-03   -1.2670437490E-02    3.2535015902E-02
   -5.5551697832E-03    5.1474937435E-03   -1.7335393754E-02
   -1.0390251253E-02   -2.1161964855E-02    1.0332455286E-01
   -1.1076741055E-02   -2.9051885811E-02    5.5227539787E-02
   -2.5977974414E-02   -8.9681497901E-03   -1.1662125600E-02
    6.5347796659E-03    8.4390207606E-03   -2.8919268842E-02
   -2.9049644606E-02   -1.4080362534E-02    2.9527921629E-02
   -1.4886200763E-02    6.7917966869E-03    5.4242313263E-02
    4.4206916790E-02   -8.6438692109E-02    8.3708682830E-02
   -1.8405700655E-02    2.0008130103E-02   -7.8259497999E-03
    7.1238483416E-02   -5.7136075372E-02   -1.1032638478E-01
   -3.8204218328E-03   -1.5675625968E-03    1.6823530687E-03
    1.6868371572E-02    1.4253742597E-01    1.6134251131E-01
   -8.1594161843E-02    2.1510274456E-01   -5.9127995041E-03
   -2.0264080085E-03    3.0663732514E-02   -3.4445835854E-02
   -4.1322849623E-02    1.1168105349E-01   -2.0176787969E-02
   -2.1037625995E-01   -2.2605443520E-01   -2.2123167871E-01
    4.7783270534E-02   -7.9920815988E-02   -1.1368566725E-02
    5.3523343933E-02    8.0819908349E-02   -1.5743281926E-02
    5.2639993727E-02    1.7871556758E-02   -7.2763036256E-02
   -2.8827589521E-01   -3.7641849107E-01   -1.3347823505E-01
    6.1000931657E-02   -4.8833120429E-02   -8.1342335596E-02
    4.6315201294E-02    4.7173677365E-02    1.7692260576E-02
    1.1258127829E-01    8.1275050951E-02    5.2750035926E-02
    1.4361754048E-01    1.1853370347E-01    9.7424439143E-02
