    0.0000000000E+00    0.0000000000E+00    0.0000000000E+00
    0.0000000000E+00    0.0000000000E+00    0.0000000000E+00
    0.0000000000E+00    0.0000000000E+00    0.0000000000E+00
    0.0000000000E+00    0.0000000000E+00    0.0000000000E+00
    0.0000000000E+00    0.0000000000E+00    0.0000000000E+00
    0.0000000000E+00    0.0000000000E+00    0.0000000000E+00
    0.0000000000E+00    0.0000000000E+00    0.0000000000E+00
    0.0000000000E+00    0.0000000000E+00    0.0000000000E+00
    0.0000000000E+00    0.0000000000E+00    0.0000000000E+00
    0.0000000000E+00    0.0000000000E+00    0.0000000000E+00
    0.0000000000E+00    0.0000000000E+00    0.0000000000E+00
    0.0000000000E+00    0.0000000000E+00    0.0000000000E+00
    0.0000000000E+00    0.0000000000E+00    0.0000000000E+00
    0.0000000000E+00    0.0000000000E+00    0.0000000000E+00
    0.0000000000E+00    0.0000000000E+00    0.0000000000E+00
    0.0000000000E+00    0.0000000000E+00    0.0000000000E+00
    1.2803948592E-03    2.0665456920E-03   -1.1976227862E-03
   -1.1358620871E-03    5.5021248621E-04   -2.0502651979E-03
    8.3965461142E-04    3.2169073749E-03   -6.7005377182E-04
   -3.6580080011E-03   -1.8495581868E-03    6.3927869007E-03
   -8.6894175438E-04    7.5055970628E-04    4.5354203924E-04
    1.8840997649E-04    1.2231893413E-03   -1.0315488947E-03
   -1.8638139770E-03   -1.1155474188E-03    4.7644512528E-03
   -2.3227561055E-03    3.1561421896E-03    1.3015378051E-03
   -6.1386835531E-05    4.2426657980E-04    1.3655424769E-03
   -4.6270973867E-04    1.9433699063E-04   -2.9043009458E-03
    1.6457508105E-03    2.5988241682E-04   -3.6537195854E-04
   -1.1935203435E-03    3.6823547109E-03   -2.1118680911E-03
    1.0155619058E-03    2.8084161233E-04    1.1806922765E-03
   -2.1722898877E-03    2.8601406642E-03   -5.7276450940E-03
    1.7697729620E-04    6.8777009004E-03    8.8723406195E-03
    2.8444511445E-03    1.5935613443E-03   -7.6436060576E-03
    1.8966038826E-03   -2.9537803263E-03    5.6267597431E-04
    1.2732830793E-03    2.2346059260E-03   -2.6256980591E-03
   -7.6984384838E-03    2.5581741494E-03    8.6244906608E-04
   -8.9255374509E-03    8.8333443422E-03    1.7694377070E-03
   -2.2049027703E-03    2.1711388154E-03    1.7380648620E-03
   -2.1994899053E-03    3.0862970037E-03   -5.0076485776E-03
    1.2169045349E-03   -2.6687228558E-03   -1.6895142922E-03
    1.1219005231E-02    2.1419262567E-02   -5.5932046225E-03
    2.6729375657E-03    4.7131138719E-03   -4.0571674762E-03
    4.3616349058E-03   -1.0676479407E-03   -2.6025636634E-03
    1.1477853425E-03    3.6431000536E-04   -1.9949715515E-03
   -2.6678045071E-02    1.2362641179E-02    3.7957002540E-02
   -1.7616794597E-02    3.0021789749E-03    4.8416869573E-04
    1.6840111362E-03    1.2166367763E-03   -1.1607396371E-03
    9.3166402782E-03    6.4244346487E-03    9.3575054131E-03
   -1.1371366132E-03    2.1401547162E-03    1.5692972553E-03
    8.8839147842E-02    1.5136188624E-01    1.8518667521E-02
    0.0000000000E+00    0.0000000000E+00    0.0000000000E+00
    0.0000000000E+00    0.0000000000E+00    0.0000000000E+00
    0.0000000000E+00    0.0000000000E+00    0.0000000000E+00
    0.0000000000E+00    0.0000000000E+00    0.0000000000E+00
    0.0000000000E+00    0.0000000000E+00    0.0000000000E+00
    0.0000000000E+00    0.0000000000E+00    0.0000000000E+00
    0.0000000000E+00    0.0000000000E+00    0.0000000000E+00
    0.0000000000E+00    0.0000000000E+00    0.0000000000E+00
    0.0000000000E+00    0.0000000000E+00    0.0000000000E+00
    0.0000000000E+00    0.0000000000E+00    0.0000000000E+00
    0.0000000000E+00    0.0000000000E+00    0.0000000000E+00
    0.0000000000E+00    0.0000000000E+00    0.0000000000E+00
    0.0000000000E+00    0.0000000000E+00    0.0000000000E+00
    0.0000000000E+00    0.0000000000E+00    0.0000000000E+00
    0.0000000000E+00    0.0000000000E+00    0.0000000000E+00
    0.0000000000E+00    0.0000000000E+00    0.0000000000E+00
    0.0000000000E+00    0.0000000000E+00    0.0000000000E+00
    0.0000000000E+00    0.0000000000E+00    0.0000000000E+00
    0.0000000000E+00    0.0000000000E+00    0.0000000000E+00
    0.0000000000E+00    0.0000000000E+00    0.0000000000E+00
    0.0000000000E+00    0.0000000000E+00    0.0000000000E+00
    0.0000000000E+00    0.0000000000E+00    0.0000000000E+00
    0.0000000000E+00    0.0000000000E+00    0.0000000000E+00
    0.0000000000E+00    0.0000000000E+00    0.0000000000E+00
    0.0000000000E+00    0.0000000000E+00    0.0000000000E+00
    0.0000000000E+00    0.0000000000E+00    0.0000000000E+00
    0.0000000000E+00    0.0000000000E+00    0.0000000000E+00
    0.0000000000E+00    0.0000000000E+00    0.0000000000E+00
    0.0000000000E+00    0.0000000000E+00    0.0000000000E+00
    0.0000000000E+00    0.0000000000E+00    0.0000000000E+00
    0.0000000000E+00    0.0000000000E+00    0.0000000000E+00
    0.0000000000E+00    0.0000000000E+00    0.0000000000E+00
   -1.6173947825E-03    3.0215616941E-03   -3.8124594901E-03
   -1.8822138039E-03   -5.2229054638E-04   -9.4968697614E-04
   -2.7509941048E-04    3.0121698507E-03   -2.9435387816E-03
    3.0996752931E-03    1.1784513745E-03    6.7280547277E-03
    6.0695144160E-04    1.9575464749E-03   -5.0695425528E-04
   -1.8394100618E-03   -1.7294084434E-03   -3.4514643615E-03
    6.1754253244E-04    2.9071234576E-03   -1.3695800881E-03
    2.1175845062E-03   -3.0696886058E-03   -2.1665216984E-03
   -5.0257631446E-04   -2.2543872383E-03   -1.5117364914E-03
   -6.8086286141E-04    2.0439133999E-03   -1.3529137842E-03
   -6.5586322570E-04   -1.2956803971E-03   -6.9088335221E-04
    8.1286523528E-04    2.7916320307E-03   -5.1515860513E-05
    1.2198429680E-04    7.7978663768E-04   -2.9738760359E-03
    1.1826246334E-03    3.4913116806E-03    2.3007314802E-03
   -1.3656698664E-02    3.2606175566E-02   -6.7960616275E-03
   -2.7904806064E-03   -6.8883153103E-04    1.2155478613E-02
   -3.0582132708E-03   -1.7454163293E-03    8.9037626857E-03
   -1.6561670711E-03    2.1154539083E-03   -6.0435411241E-03
   -1.3100724121E-03    2.4935777134E-03   -7.5690310035E-03
    7.7479536427E-04    5.6071989732E-03    1.6679090703E-03
    1.9398944197E-03   -1.7118628371E-03   -5.8101730557E-03
    1.3561654440E-03    3.1531275987E-03    1.8331395231E-03
   -6.8481577786E-03   -8.0655998082E-03   -9.6892611169E-03
   -7.4203667788E-05    6.1568913063E-03   -1.0456110795E-03
    9.9864585052E-03   -3.5415224694E-03    8.6454632668E-03
   -6.8946144189E-04    1.4238911328E-03   -6.7492230798E-03
    3.0139299457E-03    2.4621553463E-03   -1.7965634288E-03
    4.8619365389E-03    5.7785603174E-03   -8.7757138163E-03
    3.4608224296E-03    1.7480383060E-03   -4.8791508671E-03
   -5.5051855070E-04   -1.0851548401E-03   -2.4401401482E-03
   -2.4840831852E-03    1.8559328831E-03   -3.3630474980E-03
   -2.2572489353E-02    1.7288666054E-02    2.2946084108E-02
   -9.1605257093E-03    1.0104088600E-03    1.3112882353E-03
    1.7805569514E-03    1.0788050424E-04   -1.2631229627E-03
    1.8359117641E-02   -1.1461257103E-02    2.2284722506E-02
   -2.0306701452E-02    1.7516673340E-02   -2.4564425660E-03
    2.6960364927E-04   -1.4625125651E-03   -4.5012285127E-03
    9.0692371921E-03    2.9890727115E-03   -1.3210970593E-03
    6.0111427362E-04    1.2847544933E-02   -1.8211418093E-02
   -1.7419740020E-02    1.6619784357E-03    1.1252935927E-02
    2.1551095875E-03    1.7624396877E-03    1.9468605513E-03
   -4.6545771009E-03    4.5627033639E-03   -9.4191164865E-03
   -6.3235407941E-03    8.9693551674E-03    6.1704637490E-03
    1.1575963618E-02    4.7613951068E-03   -8.6099829291E-03
    2.2887481464E-03   -1.8171085161E-03    2.3510914136E-03
   -1.8998464487E-03   -7.7420997640E-05   -2.9214905739E-03
    2.2967945448E-02    7.8857562789E-02    7.1410614226E-02
   -2.8555698941E-03    2.4936741749E-03   -6.1767558173E-03
    7.0469966861E-04    4.0048844782E-03   -1.3272930764E-03
    6.1533256164E-03    1.4755441646E-03   -2.1149183073E-02
   -2.7025255996E-03   -2.9741870069E-03   -1.5228315482E-03
   -1.9841909348E-02    3.8756796710E-03    1.5472301072E-02
    3.7075207933E-03   -3.2575072472E-02   -8.1500737359E-03
   -8.8961127766E-04    1.0357855378E-03   -3.1545684818E-03
    1.3818752441E-02   -4.9490998947E-03    1.1333337499E-02
    7.6507482271E-03   -1.9835210287E-02   -1.9041511200E-02
    4.3275738971E-03    1.4150139562E-03   -5.5602747952E-03
    5.5444589277E-03    2.2670076767E-03   -1.9042641982E-05
    2.4122272573E-03   -6.6829443395E-03   -6.6635706584E-03
   -3.5965059468E-02    8.7131870457E-03    1.8665399713E-02
   -6.9676314759E-03   -2.6845126180E-03   -3.4516060638E-03
    9.8866326896E-04    2.5592694882E-03   -2.3401555892E-03
    3.2093718134E-02   -3.6534063138E-03    1.4608415309E-03
   -1.6822379669E-02   -1.2305837877E-02    1.4347494583E-02
    3.3861844535E-02    4.4452547547E-02   -2.8828906927E-04
   -7.0471749869E-03    7.0752353926E-02    5.6694620593E-02
    4.8031132756E-02    8.4585050617E-02    1.8952220169E-02
    3.0370573951E-03   -2.4788943290E-02    8.0306020507E-02
    4.9393709795E-02    9.4387865779E-02   -7.4799445552E-02
   -1.2141692286E-02   -3.3330455820E-02    7.6861551177E-03
   -3.6389409923E-02   -3.8999017825E-02    1.2712923532E-01
   -1.1408177554E-02   -2.7383118315E-02    1.2201458924E-02
   -9.9248257701E-04   -5.5195051718E-02    1.9533286332E-02
    9.0028836613E-02   -2.5890616746E-01   -1.2120026939E-01
   -4.3660247481E-02    9.8447037067E-04    5.9958911632E-02
   -2.2470130386E-01    6.8338052989E-01    8.1629739894E-02
    5.5063092267E-02   -6.0356513306E-02   -6.2130754422E-02
   -3.4668754363E-02    8.3886706526E-03   -6.9053501081E-03
   -5.5544908563E-02   -1.3744381781E-01    2.2869507181E-02
   -2.2077293723E-02   -6.1834040361E-02   -6.2653338115E-03
   -1.0481442608E-02   -4.1628929080E-02    2.3252992458E-02
    1.2668097069E-02   -4.2061015315E-02    3.3873376587E-02
   -8.8980606317E-03   -3.1159904626E-02    6.5327174777E-02
    1.2924272837E-01   -2.8988149695E-01   -1.3622879613E-01
    9.9714242122E-02   -1.7675186568E-01   -1.7484312231E-01
   -2.1984580714E-02   -8.6100505816E-02   -1.5108944087E-02
