    0.0000000000E+00    0.0000000000E+00    0.0000000000E+00
    0.0000000000E+00    0.0000000000E+00    0.0000000000E+00
    0.0000000000E+00    0.0000000000E+00    0.0000000000E+00
    0.0000000000E+00    0.0000000000E+00    0.0000000000E+00
    0.0000000000E+00    0.0000000000E+00    0.0000000000E+00
    0.0000000000E+00    0.0000000000E+00    0.0000000000E+00
    0.0000000000E+00    0.0000000000E+00    0.0000000000E+00
    0.0000000000E+00    0.0000000000E+00    0.0000000000E+00
    0.0000000000E+00    0.0000000000E+00    0.0000000000E+00
    0.0000000000E+00    0.0000000000E+00    0.0000000000E+00
    0.0000000000E+00    0.0000000000E+00    0.0000000000E+00
    0.0000000000E+00    0.0000000000E+00    0.0000000000E+00
    0.0000000000E+00    0.0000000000E+00    0.0000000000E+00
    0.0000000000E+00    0.0000000000E+00    0.0000000000E+00
    0.0000000000E+00    0.0000000000E+00    0.0000000000E+00
    0.0000000000E+00    0.0000000000E+00    0.0000000000E+00
   -4.0739351000E-03    3.3206526095E-03    1.8092001056E-03
    5.5247050274E-03   -6.5390297783E-03   -1.0823898302E-02
   -6.4209916299E-04    4.5127282468E-04   -1.2798360722E-02
   -1.2369013650E-03    1.0439346150E-02    2.4506979095E-03
    1.2105165031E-02    1.2926937278E-02    4.3399851274E-03
    5.4668467200E-03    3.7287848855E-03   -5.6137147002E-03
    3.8929283843E-03   -7.9383048357E-03   -8.8878550131E-03
   -1.2209870895E-03    6.5883896353E-03    5.4689897002E-03
   -7.7154262014E-03    1.7418076133E-02    1.5290622592E-02
   -1.4828349990E-03    2.5866561044E-03    4.0345825123E-03
   -2.4118483396E-03   -7.6063361069E-03   -1.7434682385E-02
    4.2407385276E-04    2.5435208867E-03   -1.3186945595E-02
   -1.0488220595E-03   -4.0632607549E-03   -3.2391438902E-03
    2.8158916930E-03   -7.5950305247E-04   -1.1095868472E-02
   -9.8763694406E-03    9.1678165261E-03    3.0861767071E-02
   -6.4063381029E-04    1.1893460902E-03   -1.4247352691E-02
   -9.4262158427E-03   -4.2799968253E-03    2.0392989119E-02
   -3.7786580769E-03    1.1106370351E-03   -3.5108064258E-03
   -3.1166684503E-03   -1.9632164175E-03    1.5748477160E-02
   -7.1043756732E-03    1.1354070624E-02   -1.8022432351E-03
   -4.6212849547E-03   -5.1781082717E-03   -5.8302499224E-03
   -7.7391874334E-03   -5.7563610183E-03   -4.8401388090E-03
    5.6997012933E-03    9.4522951135E-03   -5.7940277362E-03
    1.3999700308E-02    9.1006743857E-03   -3.7789976475E-02
   -4.3732091883E-03   -4.9565717383E-03   -3.9134936454E-03
   -1.8121229830E-03   -5.4934216737E-04   -1.0190065838E-02
    1.9195521501E-03   -2.5382907400E-03    9.0350367287E-03
   -3.9750743558E-02    3.6064924652E-02    1.0060762344E-01
    2.0907204182E-03   -3.2189609494E-04    2.8029649462E-02
   -5.1606532821E-04   -1.5425612681E-03   -1.4342121781E-02
    1.1650944615E-02   -6.0124186636E-03    1.8217876640E-02
    3.8298380791E-03    6.9423120243E-03   -1.5647801906E-03
   -1.2374188811E-01   -1.4811017278E-02    1.3942651393E-01
    0.0000000000E+00    0.0000000000E+00    0.0000000000E+00
    0.0000000000E+00    0.0000000000E+00    0.0000000000E+00
    0.0000000000E+00    0.0000000000E+00    0.0000000000E+00
    0.0000000000E+00    0.0000000000E+00    0.0000000000E+00
    0.0000000000E+00    0.0000000000E+00    0.0000000000E+00
    0.0000000000E+00    0.0000000000E+00    0.0000000000E+00
    0.0000000000E+00    0.0000000000E+00    0.0000000000E+00
    0.0000000000E+00    0.0000000000E+00    0.0000000000E+00
    0.0000000000E+00    0.0000000000E+00    0.0000000000E+00
    0.0000000000E+00    0.0000000000E+00    0.0000000000E+00
    0.0000000000E+00    0.0000000000E+00    0.0000000000E+00
    0.0000000000E+00    0.0000000000E+00    0.0000000000E+00
    0.0000000000E+00    0.0000000000E+00    0.0000000000E+00
    0.0000000000E+00    0.0000000000E+00    0.0000000000E+00
    0.0000000000E+00    0.0000000000E+00    0.0000000000E+00
    0.0000000000E+00    0.0000000000E+00    0.0000000000E+00
    0.0000000000E+00    0.0000000000E+00    0.0000000000E+00
    0.0000000000E+00    0.0000000000E+00    0.0000000000E+00
    0.0000000000E+00    0.0000000000E+00    0.0000000000E+00
    0.0000000000E+00    0.0000000000E+00    0.0000000000E+00
    0.0000000000E+00    0.0000000000E+00    0.0000000000E+00
    0.0000000000E+00    0.0000000000E+00    0.0000000000E+00
    0.0000000000E+00    0.0000000000E+00    0.0000000000E+00
    0.0000000000E+00    0.0000000000E+00    0.0000000000E+00
    0.0000000000E+00    0.0000000000E+00    0.0000000000E+00
    0.0000000000E+00    0.0000000000E+00    0.0000000000E+00
    0.0000000000E+00    0.0000000000E+00    0.0000000000E+00
    0.0000000000E+00    0.0000000000E+00    0.0000000000E+00
    0.0000000000E+00    0.0000000000E+00    0.0000000000E+00
    0.0000000000E+00    0.0000000000E+00    0.0000000000E+00
    0.0000000000E+00    0.0000000000E+00    0.0000000000E+00
    0.0000000000E+00    0.0000000000E+00    0.0000000000E+00
   -4.0829445113E-03   -2.7808488483E-03    4.8944531978E-03
   -3.3840333206E-04   -1.1100075271E-03   -3.4143549025E-03
    8.9866132088E-04   -3.7543983849E-03    3.1141790259E-03
   -2.1529750334E-02   -1.4043549376E-02    1.5007295125E-02
   -4.7479619051E-04    1.3554906801E-03   -5.6593252389E-03
    8.1232428756E-03    2.4901504678E-03    2.0632970136E-03
    3.6981457037E-03   -1.1460536052E-02    1.7783491287E-02
   -8.5599107176E-03    1.7053677925E-02    6.3857292368E-02
    3.3043214540E-02    2.4660114332E-02   -3.1097889503E-02
   -1.6839025936E-03   -2.0663165716E-04   -2.7518204768E-03
   -3.6157118543E-03   -4.2866578494E-03    2.6734506327E-04
   -3.1888657705E-02    2.7997423935E-02    1.8525232439E-02
    3.4032838255E-03   -2.7873593717E-03   -7.8416472221E-03
    6.7385167580E-04    6.0630424663E-03   -3.1655266482E-03
   -5.7966935258E-04   -1.1458517220E-02   -5.3237420394E-04
   -1.3818072641E-01    5.8770109828E-02    1.2909490349E-02
   -8.4012320809E-03   -5.8165122159E-03    7.9930732354E-03
    5.9965179969E-03   -4.3019115284E-03   -4.7965872213E-03
   -1.0211411481E-02    1.0967602812E-02   -1.4109866637E-02
    5.3781430176E-03   -2.1628469966E-03   -1.1774085517E-02
   -2.5986872909E-02   -3.3457182119E-02   -1.1233202980E-02
    8.9592171554E-03    4.6810461027E-02    1.6361087976E-02
    8.3880647698E-04    6.4635148118E-03    1.2790398857E-02
    4.5184936077E-02    1.2128055757E-02   -9.4688011802E-02
   -1.1877113474E-02    4.3516798185E-02    1.8582485521E-02
    8.9966201477E-03    5.6513663133E-03   -1.1425908419E-02
   -2.4901173815E-02    2.8102306854E-02   -4.0604088751E-02
   -1.0811122913E-02   -8.5091389964E-03    3.4029863130E-02
    3.1699682027E-03   -8.3919566999E-03   -3.9196298213E-03
   -1.2440530137E-02   -3.8436243798E-03   -3.0599862192E-03
   -2.8195336566E-02   -3.3383106850E-02    2.4575527090E-02
   -7.0377009086E-02    3.4571952151E-02   -3.1245597935E-02
    3.2854606341E-03    7.1355612766E-02   -3.6211727401E-02
   -6.0621736085E-03    4.1322769717E-03   -1.5383960605E-02
    2.9633107160E-02   -8.3066036805E-03   -6.4401072527E-03
    1.8688654596E-02   -2.0337977697E-02   -3.9756984516E-03
    2.8997724081E-03    4.9520592466E-03   -1.2011375561E-02
    2.1200354080E-02   -8.2744807490E-03    7.8906003380E-03
    1.5749388981E-02   -3.0132410596E-02   -1.1279154608E-02
    8.0753912136E-04   -9.5007026604E-03    6.8458753446E-03
    5.6634618282E-04   -4.0843228738E-02    9.7136427758E-03
   -2.4791625872E-03   -9.3640689556E-03   -1.6594304809E-04
    3.5935120912E-02   -3.3755894825E-02    5.3305254606E-02
   -9.7588724365E-03   -5.9664613721E-03    1.5599274409E-03
    7.0159922153E-03    1.1087791661E-02   -6.3028573623E-04
    3.1869338946E-03    3.4131455944E-04   -1.6766079264E-02
    1.2879354841E-01   -5.4451908307E-02    2.8178706729E-01
   -8.6275724253E-03    1.5858150681E-03   -1.7200557390E-02
   -1.3178982135E-02    7.5747914181E-03   -7.2314583980E-03
   -5.2438741240E-02   -7.0814807732E-02   -3.6405223952E-05
   -2.5580667783E-03    8.2158565332E-03   -4.3432146452E-03
   -1.2899787679E-02    4.2231233086E-02    1.5112955607E-02
    4.1724215787E-02    1.4506082542E-02   -1.1517821298E-02
    1.2564223691E-03    1.2428088845E-02   -3.4055851102E-03
    5.3616373925E-02    8.8371997402E-03   -1.4605668707E-02
   -1.6830547853E-02   -3.6207069857E-02    4.3881318989E-02
   -4.4401260367E-03    1.4789252545E-02   -1.4576247106E-03
   -5.9828269937E-03   -1.0544978304E-02   -1.4747420994E-02
    4.5810058343E-03   -8.5423600835E-03   -1.1879903099E-02
    8.1884471529E-04    2.7593652371E-02   -2.2662449009E-02
    5.1565189973E-03    1.7804483915E-02    4.1760278366E-02
    1.2918031020E-03    1.0279810172E-02   -1.4258646120E-02
   -7.4350512695E-02   -8.0677348266E-02   -2.0737432078E-03
    9.3019846270E-03   -1.6997612575E-02   -7.2165400622E-03
    3.2507414733E-02    6.6840530896E-02    5.9088049509E-02
   -2.2995742993E-02    1.8569507006E-02    5.1765098034E-02
    3.1306749425E-02   -1.0481662254E-01   -4.1508428499E-02
    2.1825925689E-02   -5.0169489355E-02    4.6105977413E-02
    4.5644836127E-02   -4.3559976484E-02    1.5970020513E-02
   -5.7119705570E-02   -2.9175125546E-02   -1.4790648199E-02
   -5.0682030352E-02   -1.6791029831E-02    6.7288085804E-02
    3.5549426381E-02   -1.4487981290E-01   -1.3725776583E-01
    4.6348159957E-01    2.1031105078E-01   -5.4459715013E-01
    7.1749237019E-02   -9.7204750421E-02    2.3231824958E-02
   -8.9132283953E-02   -1.7257399083E-02    6.9747526183E-02
    2.0277686277E-02   -8.4076052384E-02   -9.6450690269E-03
   -1.4294582090E-01   -1.4685101726E-01   -1.0298136777E-02
