    0.0000000000E+00    0.0000000000E+00    0.0000000000E+00
    0.0000000000E+00    0.0000000000E+00    0.0000000000E+00
    0.0000000000E+00    0.0000000000E+00    0.0000000000E+00
    0.0000000000E+00    0.0000000000E+00    0.0000000000E+00
    0.0000000000E+00    0.0000000000E+00    0.0000000000E+00
    0.0000000000E+00    0.0000000000E+00    0.0000000000E+00
    0.0000000000E+00    0.0000000000E+00    0.0000000000E+00
    0.0000000000E+00    0.0000000000E+00    0.0000000000E+00
    0.0000000000E+00    0.0000000000E+00    0.0000000000E+00
    0.0000000000E+00    0.0000000000E+00    0.0000000000E+00
    0.0000000000E+00    0.0000000000E+00    0.0000000000E+00
    0.0000000000E+00    0.0000000000E+00    0.0000000000E+00
    0.0000000000E+00    0.0000000000E+00    0.0000000000E+00
    0.0000000000E+00    0.0000000000E+00    0.0000000000E+00
    0.0000000000E+00    0.0000000000E+00    0.0000000000E+00
    0.0000000000E+00    0.0000000000E+00    0.0000000000E+00
   -2.7634027660E-03   -1.2289515693E-02    5.7677606663E-03
    2.0722823570E-02   -2.1239176246E-03    6.2809378614E-03
    2.9136021523E-04    4.2471137096E-02   -1.2579395295E-02
    2.1663896727E-03   -1.3647831620E-03    1.1617662859E-02
    8.7043078882E-03   -2.4017744713E-03    1.1828113446E-02
   -1.4463139076E-02   -1.8600069808E-02   -2.7637511166E-03
   -8.4916898611E-03   -8.1594403231E-03    1.6697709665E-02
   -7.8855350296E-03    1.6899024412E-02    1.4084927980E-04
   -9.1141325763E-03   -1.0881941651E-02    1.1740809925E-02
    1.7912988052E-02   -1.2871097217E-02    2.5627968680E-03
   -2.8116605931E-03   -6.7785507612E-03    2.3819022180E-02
    1.6057277016E-02   -5.1706573155E-03    3.4124009130E-03
   -2.0649803567E-03   -3.8713290027E-03    5.1252751163E-03
    1.3502623429E-02    2.8279232365E-02    1.4190235669E-02
   -1.0046081167E-03   -3.4359857614E-04    4.7856566346E-03
   -3.3819452574E-03   -6.1545941618E-03    6.7646430555E-03
   -1.5015153514E-03   -4.2658606632E-03   -9.1780026674E-03
   -1.3396679892E-02   -2.2993786151E-02    1.9402602744E-02
   -5.3883583594E-03   -1.6370244971E-02    3.5944738416E-03
    2.4058525436E-03    1.1887052831E-02    2.1996181892E-02
    2.6513017170E-03    3.0691015813E-02    1.0051448470E-03
   -2.7205505677E-03    4.5312850997E-03   -9.8263219130E-03
    1.0499654850E-02    6.4563255603E-03    8.3897195719E-03
    1.4608156417E-02   -2.4581489070E-02    3.1092748853E-02
    1.2962448257E-02    4.4780239957E-02   -2.7342690159E-02
   -1.8755243212E-02    2.1582250012E-02    1.3079697680E-03
   -9.7898458374E-03    3.4672208413E-03   -2.0037246131E-02
    1.2290703605E-02   -2.7403742503E-02   -1.2175923759E-02
    7.7774023494E-03   -1.3134344264E-02   -1.0526048320E-03
   -2.2912245454E-02   -1.7367909824E-02    4.5164454768E-03
    1.6190586779E-02   -1.8693853175E-02    1.3802796045E-02
    1.7392790040E-02    1.1937867125E-02    2.4916927491E-02
    8.7529689792E-02    5.3855528881E-02   -1.3186327305E-01
    0.0000000000E+00    0.0000000000E+00    0.0000000000E+00
    0.0000000000E+00    0.0000000000E+00    0.0000000000E+00
    0.0000000000E+00    0.0000000000E+00    0.0000000000E+00
    0.0000000000E+00    0.0000000000E+00    0.0000000000E+00
    0.0000000000E+00    0.0000000000E+00    0.0000000000E+00
    0.0000000000E+00    0.0000000000E+00    0.0000000000E+00
    0.0000000000E+00    0.0000000000E+00    0.0000000000E+00
    0.0000000000E+00    0.0000000000E+00    0.0000000000E+00
    0.0000000000E+00    0.0000000000E+00    0.0000000000E+00
    0.0000000000E+00    0.0000000000E+00    0.0000000000E+00
    0.0000000000E+00    0.0000000000E+00    0.0000000000E+00
    0.0000000000E+00    0.0000000000E+00    0.0000000000E+00
    0.0000000000E+00    0.0000000000E+00    0.0000000000E+00
    0.0000000000E+00    0.0000000000E+00    0.0000000000E+00
    0.0000000000E+00    0.0000000000E+00    0.0000000000E+00
    0.0000000000E+00    0.0000000000E+00    0.0000000000E+00
    0.0000000000E+00    0.0000000000E+00    0.0000000000E+00
    0.0000000000E+00    0.0000000000E+00    0.0000000000E+00
    0.0000000000E+00    0.0000000000E+00    0.0000000000E+00
    0.0000000000E+00    0.0000000000E+00    0.0000000000E+00
    0.0000000000E+00    0.0000000000E+00    0.0000000000E+00
    0.0000000000E+00    0.0000000000E+00    0.0000000000E+00
    0.0000000000E+00    0.0000000000E+00    0.0000000000E+00
    0.0000000000E+00    0.0000000000E+00    0.0000000000E+00
    0.0000000000E+00    0.0000000000E+00    0.0000000000E+00
    0.0000000000E+00    0.0000000000E+00    0.0000000000E+00
    0.0000000000E+00    0.0000000000E+00    0.0000000000E+00
    0.0000000000E+00    0.0000000000E+00    0.0000000000E+00
    0.0000000000E+00    0.0000000000E+00    0.0000000000E+00
    0.0000000000E+00    0.0000000000E+00    0.0000000000E+00
    0.0000000000E+00    0.0000000000E+00    0.0000000000E+00
    0.0000000000E+00    0.0000000000E+00    0.0000000000E+00
   -1.2126889363E-02   -6.4306810083E-03   -1.1279408462E-02
   -3.5984378976E-03   -7.2233972140E-03   -1.9555113683E-03
   -8.0007103245E-03    3.2512778690E-03   -1.3170754322E-03
   -7.2883051864E-04    1.0912794702E-02   -1.0237647958E-02
    1.9817443222E-03   -2.1686384734E-02    9.6432922486E-03
    9.8458756583E-03    6.7485588569E-03   -8.7931605276E-03
   -3.2205251614E-02    4.4194326638E-02    5.1551293067E-02
    1.7726726248E-02    3.4597711465E-03   -3.8783564200E-02
    1.3467449489E-02    5.3812450021E-03    1.5769683973E-02
   -1.9309512168E-02    6.7694725161E-03   -6.0645705112E-03
   -6.2326906349E-04    4.8796787132E-03   -6.0216768042E-03
    1.2704008245E-02   -6.7124886682E-03   -4.5076639295E-03
    2.9470173192E-02   -9.1276774776E-03    6.9882739040E-02
    3.3055958798E-03   -6.7277072749E-03   -6.8167227625E-03
   -4.5164547057E-02   -3.7924236344E-02    6.3935516477E-03
    8.4182850744E-03    4.7575644495E-03   -3.1136378139E-03
   -6.2838359026E-03    8.8179006330E-03   -6.2786344833E-03
    8.3638067186E-03   -1.1793725424E-02    5.3304401687E-03
    6.8135843090E-02    1.5527904152E-02    6.9296454675E-02
   -2.2548122137E-02   -2.1451281390E-02    9.2450373686E-03
    1.7920090834E-02   -1.0206105526E-02   -3.2998231396E-02
   -4.6722397128E-04   -1.4975298398E-02    3.0372752630E-02
   -3.5154953002E-02    8.4429081211E-03    1.8903735735E-02
    2.3019498098E-02   -2.1368199699E-03   -8.0717137181E-02
   -9.8184688265E-03   -4.3572959787E-03   -1.4157992215E-02
    2.9149341154E-02   -4.6752614965E-03   -3.2446953070E-03
   -1.5894878016E-03    5.6230634208E-03   -6.9964159845E-03
   -1.0221466409E-02   -1.1542956263E-02   -3.1086869116E-02
   -4.8877980671E-03    3.6224524959E-03   -2.2482066758E-02
   -5.2256648794E-03    5.9720276570E-03    2.8073510909E-03
    6.2790843886E-02   -1.2879072289E-02    4.9465251162E-02
    7.5494994367E-03   -1.4665804092E-02    2.4310133783E-03
    7.3712771455E-03    5.2870076821E-02   -1.1458025315E-01
    1.1386812904E-02   -4.2068508677E-03    6.5374165819E-02
   -2.0527139392E-02    1.0634876253E-01   -5.8303182228E-02
   -2.2980480061E-02   -9.7349562935E-03    1.6917479468E-02
    5.9687444923E-03   -1.7648138898E-02   -7.2058382616E-03
    9.8924888805E-03   -6.4874265317E-03    1.2904614964E-02
   -8.2903071392E-03   -1.5179821312E-02    6.1875409216E-03
   -8.0106965230E-02   -2.7306522569E-02    1.7441784046E-02
    1.0659838902E-02   -1.0438141161E-03   -3.5359418532E-04
    1.4128354978E-02    8.9498386461E-02    3.7686622512E-02
    8.2940126046E-03   -2.0574728549E-03    1.7939739652E-03
   -2.2388956862E-02    1.8276504297E-02    5.3390826142E-02
    3.2069250132E-02   -2.1487507889E-02   -4.7722876720E-02
    1.9955108026E-02   -7.1326222965E-03   -2.0861228761E-02
   -7.7550935007E-02   -1.5915985661E-01   -8.4724088196E-02
   -5.0391659749E-03    3.0795092681E-02    4.8474994707E-04
    2.6649852094E-02    3.2170292348E-02    1.4404140258E-02
    4.9112652516E-03    2.8829996807E-02   -6.2923320783E-02
   -3.7530938118E-02    5.7986567845E-02    4.9448371509E-03
    1.0734401697E-02   -3.9930782088E-02   -2.6050938166E-02
    1.6795501298E-02    5.1867071887E-03    1.1775992285E-02
   -7.4273995375E-03    1.5623686382E-03    2.4166854312E-02
    2.0952814153E-02   -1.6442432794E-02    1.6589748049E-02
    2.5719280889E-03    4.0887358121E-02   -5.3623327543E-02
    1.1468641379E-02   -4.6788526268E-03   -4.0362187127E-03
   -1.3019050225E-02   -6.2540821517E-03    1.7160482462E-03
    6.1732997614E-04   -3.3995959573E-02    4.2717113478E-03
    4.7913419760E-02   -6.1739502910E-02   -9.0729191921E-03
    6.1317495572E-03    1.0015518141E-02   -1.2463699589E-02
   -7.7830835561E-03    2.3322839754E-02   -9.3402511049E-03
   -1.2049919303E-02    1.1501253404E-01   -8.8826669941E-03
   -5.9211236134E-02    5.5287915622E-02   -8.9366970618E-03
    3.0192166794E-02   -1.0702874883E-01   -2.2838963260E-01
    3.3601057561E-02    2.2440612501E-02    2.4502488875E-03
   -4.9563183450E-01   -1.7603450416E-01    5.1314342813E-01
    1.5184780757E-03   -4.2592664398E-03    3.9831783936E-03
    1.8387792201E-03   -4.3699883022E-03    2.3160593866E-03
    2.4499034775E-03   -3.0234488783E-03    2.7298813227E-03
    6.7205858558E-03   -4.7669928972E-03    4.9933624005E-05
    1.3482701303E-02   -9.3382853357E-04    9.7250406134E-03
    2.2618356407E-03   -3.4142846627E-04    6.3761036083E-04
    1.5112648981E-02    2.5075236896E-03    1.0881950863E-02
    7.3291232579E-04   -9.1820747185E-03    5.2089112221E-03
    1.2146694916E-02   -4.9412163773E-03    2.3832118947E-03
   -9.9319127476E-03    2.1697950458E-02    2.3616841935E-02
    3.5755344263E-02   -3.2077517504E-02    5.1717706936E-03
    1.1396131294E-02    4.1206219307E-02    1.2869218756E-01
    9.0813740529E-02    4.6362391670E-02   -2.4080366013E-01
   -6.8867007360E-05   -1.7102937394E-02    2.3069178200E-03
    6.8154652887E-03   -3.3306689170E-04    6.2013499857E-03
    8.5941528535E-03   -2.6054361895E-03    4.4295189657E-03
    1.9800061172E-03   -1.8221175792E-02   -1.9159205171E-02
    2.9469491641E-02    2.5867434886E-02   -5.8515770000E-03
    1.7507208969E-01    1.0595053977E-01   -7.0286493722E-02
