    0.0000000000E+00    0.0000000000E+00    0.0000000000E+00
    0.0000000000E+00    0.0000000000E+00    0.0000000000E+00
    0.0000000000E+00    0.0000000000E+00    0.0000000000E+00
    0.0000000000E+00    0.0000000000E+00    0.0000000000E+00
    0.0000000000E+00    0.0000000000E+00    0.0000000000E+00
    0.0000000000E+00    0.0000000000E+00    0.0000000000E+00
    0.0000000000E+00    0.0000000000E+00    0.0000000000E+00
    0.0000000000E+00    0.0000000000E+00    0.0000000000E+00
    0.0000000000E+00    0.0000000000E+00    0.0000000000E+00
    0.0000000000E+00    0.0000000000E+00    0.0000000000E+00
    0.0000000000E+00    0.0000000000E+00    0.0000000000E+00
    0.0000000000E+00    0.0000000000E+00    0.0000000000E+00
    0.0000000000E+00    0.0000000000E+00    0.0000000000E+00
    0.0000000000E+00    0.0000000000E+00    0.0000000000E+00
    0.0000000000E+00    0.0000000000E+00    0.0000000000E+00
    0.0000000000E+00    0.0000000000E+00    0.0000000000E+00
    9.0750883268E-03   -2.0764778344E-02   -1.6752845802E-02
   -2.7679107482E-03    9.8015015368E-03    2.1611020223E-03
   -7.7841566243E-04   -5.9638677206E-04   -2.1836626474E-02
   -1.1923665426E-02    2.5183796566E-02   -2.1689973707E-02
    2.6593970847E-03    5.7174235523E-03   -1.6124097688E-03
   -4.8288931108E-04    6.1797924299E-03   -2.0407563325E-02
   -1.0773637107E-03    1.1400703651E-02   -1.2078054108E-02
   -6.5496759091E-03   -1.6606185822E-02   -1.6251761920E-02
   -2.7271237800E-03    1.5547789075E-02   -7.4578492362E-03
   -1.8815542744E-02   -3.1825540360E-03   -7.2663500387E-03
    2.4777730762E-04   -1.6184700496E-03   -1.4219534991E-02
    1.9949184997E-03   -7.2680173570E-03   -9.7536402823E-03
    1.4548351259E-02    4.7509332134E-03   -6.6176678668E-03
   -1.8819143168E-02    3.9819413702E-03   -6.1306150164E-03
    2.5027454472E-03    3.7122688152E-02   -1.3046148861E-02
    1.6963289860E-02   -2.0974969340E-02   -8.6310303165E-03
    1.5113963532E-03   -2.5870994484E-02   -1.2496104237E-02
   -6.0988530610E-03   -1.1650999974E-02    4.3054830740E-03
   -3.3992337361E-02    2.4344678178E-02   -1.7664808743E-02
   -1.0331013461E-02    1.0412785527E-02    1.7991773707E-02
   -3.2151488733E-02    2.2355308032E-02    5.0258992428E-04
    6.6900248831E-04   -1.0515363636E-02   -5.8829570257E-03
    2.7755974408E-02    4.7205284833E-02   -1.2017428886E-02
    3.8830100600E-02   -6.1624576253E-03    1.0747641675E-02
   -6.4482052841E-03   -8.1167249398E-03   -1.5156022542E-02
   -4.4005132975E-02    1.7921030224E-02   -2.8373535559E-02
    2.9036082270E-03    2.9959327560E-02   -2.9142770611E-02
    2.8728009672E-03   -4.1859598093E-03    8.2776654739E-02
   -1.0684678865E-02   -4.7923230789E-03   -7.3533013195E-03
   -2.3045875931E-02   -1.7662888002E-02   -3.1370674814E-02
   -1.0386227274E-02    3.4995320909E-02   -1.7747729317E-02
   -7.6194893451E-03   -6.5190139849E-03    5.9672592711E-03
    6.5536364988E-02    1.1692183018E-01   -9.2180670290E-02
    0.0000000000E+00    0.0000000000E+00    0.0000000000E+00
    0.0000000000E+00    0.0000000000E+00    0.0000000000E+00
    0.0000000000E+00    0.0000000000E+00    0.0000000000E+00
    0.0000000000E+00    0.0000000000E+00    0.0000000000E+00
    0.0000000000E+00    0.0000000000E+00    0.0000000000E+00
    0.0000000000E+00    0.0000000000E+00    0.0000000000E+00
    0.0000000000E+00    0.0000000000E+00    0.0000000000E+00
    0.0000000000E+00    0.0000000000E+00    0.0000000000E+00
    0.0000000000E+00    0.0000000000E+00    0.0000000000E+00
    0.0000000000E+00    0.0000000000E+00    0.0000000000E+00
    0.0000000000E+00    0.0000000000E+00    0.0000000000E+00
    0.0000000000E+00    0.0000000000E+00    0.0000000000E+00
    0.0000000000E+00    0.0000000000E+00    0.0000000000E+00
    0.0000000000E+00    0.0000000000E+00    0.0000000000E+00
    0.0000000000E+00    0.0000000000E+00    0.0000000000E+00
    0.0000000000E+00    0.0000000000E+00    0.0000000000E+00
    0.0000000000E+00    0.0000000000E+00    0.0000000000E+00
    0.0000000000E+00    0.0000000000E+00    0.0000000000E+00
    0.0000000000E+00    0.0000000000E+00    0.0000000000E+00
    0.0000000000E+00    0.0000000000E+00    0.0000000000E+00
    0.0000000000E+00    0.0000000000E+00    0.0000000000E+00
    0.0000000000E+00    0.0000000000E+00    0.0000000000E+00
    0.0000000000E+00    0.0000000000E+00    0.0000000000E+00
    0.0000000000E+00    0.0000000000E+00    0.0000000000E+00
    0.0000000000E+00    0.0000000000E+00    0.0000000000E+00
    0.0000000000E+00    0.0000000000E+00    0.0000000000E+00
    0.0000000000E+00    0.0000000000E+00    0.0000000000E+00
    0.0000000000E+00    0.0000000000E+00    0.0000000000E+00
    0.0000000000E+00    0.0000000000E+00    0.0000000000E+00
    0.0000000000E+00    0.0000000000E+00    0.0000000000E+00
    0.0000000000E+00    0.0000000000E+00    0.0000000000E+00
    0.0000000000E+00    0.0000000000E+00    0.0000000000E+00
    3.1593807675E-02   -1.6121830922E-02    1.6619491970E-02
    2.3582973045E-02   -1.4901304868E-02   -2.9665958787E-03
    6.3389304683E-02   -2.0151957284E-02   -1.4126629963E-02
   -4.7150346535E-02    6.5000615194E-03   -2.7294338392E-02
    3.3449329728E-02    5.9812540442E-03   -4.4094360555E-02
   -2.0937195193E-04    4.5875699627E-03    1.8155003725E-03
   -6.9934806593E-03    1.3040989740E-02   -1.1625783406E-01
    2.1655731773E-03   -3.6981372096E-03    2.7989320605E-02
   -2.6063986274E-02   -4.1609191351E-03    2.2510658529E-03
   -1.8902849068E-03   -5.6058034185E-03   -1.2227590518E-02
   -2.2359888400E-02    1.1828660457E-02    2.0280740389E-02
   -3.5466294212E-02   -9.3792562618E-02    2.7119605526E-02
   -9.1134496665E-03    3.7067676416E-03   -1.0946720442E-02
    1.1556204879E-02    1.9949215205E-02    7.0292816538E-03
    9.3493510197E-02    4.9066192953E-02   -5.1544187051E-02
    3.4706786032E-02   -5.3103312913E-02    6.2519623789E-02
   -1.2024192691E-02   -1.7908352381E-02   -1.4294376877E-02
   -2.4228454083E-02    5.4171913008E-03   -6.4516989352E-03
    1.8412840056E-03    2.3925886009E-02    1.5338273426E-02
    1.0805070576E-02   -1.6574074553E-02   -1.5954501867E-02
   -2.8062811178E-02   -9.5804152373E-03   -4.5022964801E-03
    2.0298834671E-02    9.9514584255E-03   -5.0449811613E-03
   -1.5546381637E-02    2.8109478262E-03   -9.9986250170E-03
    4.0468883695E-02   -1.6552608477E-02   -5.2875153660E-04
   -5.3222731283E-02   -1.9513419796E-02   -3.0669080503E-02
    1.2634903337E-02    1.2271033634E-02    1.5443772365E-02
    1.8990618751E-02    8.5517987206E-03   -1.9730085896E-02
    2.0797494826E-02    9.9167138666E-03   -1.8206543927E-02
   -1.3444725160E-01   -6.1619010044E-02    3.0274804944E-02
   -1.1297526423E-02   -4.4159831944E-03   -1.4637634700E-03
    3.8464184802E-02    6.8971568257E-02   -5.1151283857E-02
   -2.1816179218E-02   -2.4587274404E-02    4.2795964268E-02
    5.5901753085E-02   -2.0263604162E-02   -2.8535907565E-03
   -5.1402704678E-02    1.8881501660E-02    5.2022625113E-03
    2.5746979407E-02   -2.4758991471E-02    2.0684760346E-02
    6.3349715604E-03    2.2069878580E-02   -2.4688356742E-02
   -2.2275856058E-03    3.5178579678E-03   -8.7034943286E-03
   -1.0949112397E-03   -2.3640058947E-03    1.1071846259E-02
    2.3486902063E-02   -1.5142855593E-02   -6.9970493673E-03
    9.2619075664E-03   -8.5519133225E-02   -4.0050861192E-02
   -4.9135971242E-02   -1.3158252758E-02   -2.0175666313E-02
   -2.9222376610E-02    4.4238043393E-02   -8.4000188348E-03
    3.8383973077E-03    2.0073863580E-02    1.0310120901E-02
    2.8399622644E-03    5.1666832271E-03    3.8420675528E-03
    1.0100859285E-02    3.9748460714E-03    1.4149844469E-03
    2.2274328932E-02   -7.8120965199E-02    1.3550238675E-01
   -1.4596634353E-02    4.6732743868E-02    1.9053087676E-01
   -2.3194570166E-02   -3.4314602672E-03   -2.8684350011E-02
   -2.2629511187E-02   -1.0047474443E-02    2.2217111040E-02
    5.1581851716E-03   -2.7347738606E-02   -3.1609450628E-02
   -2.0796420523E-03   -6.1014007815E-03   -3.0093432943E-02
   -9.8548552134E-03    1.5245929613E-03   -2.4072086786E-02
    1.0504445702E-03   -9.5690693535E-03    3.8048972467E-03
    1.1345314076E-01    9.8492927143E-02    1.0498893319E-01
    2.2747731957E-02    4.1036552806E-02   -1.0059640322E-02
    8.7261137265E-03    2.1636118818E-02   -3.4707231678E-03
    1.7162586023E-03    3.4254279825E-03   -3.3308720854E-03
   -1.2387333760E-01   -4.5752437707E-02    9.5294948485E-02
   -9.8659602329E-04    1.8280083849E-02   -4.4079314120E-02
   -2.2945870973E-02   -1.9896860682E-02    4.8330940675E-02
    9.8789570886E-03   -1.2003552919E-02   -1.6115435972E-03
    6.5337570750E-03    4.3196464820E-03    1.0240764180E-02
   -5.5781997939E-02    6.7229779109E-02   -8.5772078049E-04
   -1.8344762577E-02   -3.0547007333E-03    2.7248685385E-03
    2.4604224863E-01   -1.6629109189E-01   -2.8841300875E-02
   -2.8054631498E-03    1.0443999695E-01    8.5766152944E-02
    3.7883637012E-02   -9.3385771174E-02   -1.2719273310E-01
    3.6107769975E-02    5.1271232991E-02    5.5973861129E-02
   -2.6135632928E-02    2.0647632180E-02    7.0469273029E-03
   -1.0660645466E-01   -5.8187808804E-01    9.2338727490E-02
   -1.9312300679E-02    1.0281698337E-02    8.9838610936E-03
   -7.0112959498E-03    2.1874834384E-01   -5.4332282633E-02
   -3.4270513785E-02   -8.7698307929E-03    2.0121421157E-01
   -6.3882840970E-03   -2.6637201419E-03   -2.8333768262E-03
    6.4392021228E-02    5.7657987213E-02    1.7844602617E-03
    2.5910713714E-03   -1.5015876821E-03   -2.8313399959E-03
   -2.5456056960E-03   -4.4899292701E-03   -7.2028147242E-03
   -7.7799915284E-04    3.6149731020E-04   -5.7191928921E-03
   -9.0138300146E-03    4.2114896375E-03   -7.0874490882E-03
   -3.1695450878E-03    6.9308150821E-04   -2.8726874860E-03
   -5.4192102854E-03   -6.6171893978E-04   -4.5275861151E-03
    4.9967137847E-02    7.1121832008E-02   -2.4011431612E-02
   -1.6691142073E-02    1.4293085573E-01    8.0804915217E-02
   -3.2505171714E-02    3.3373430024E-02   -1.4703958350E-02
    2.0499306546E-02    1.8913601790E-02    1.2826130486E-01
    4.1329506781E-03    3.9840854303E-04    2.0045206917E-03
   -1.3181961582E-03    1.0707432055E-03    3.9573423884E-04
   -3.4110627449E-04   -7.9377210382E-03   -2.3848827983E-03
