    0.0000000000E+00    0.0000000000E+00    0.0000000000E+00
    0.0000000000E+00    0.0000000000E+00    0.0000000000E+00
    0.0000000000E+00    0.0000000000E+00    0.0000000000E+00
    0.0000000000E+00    0.0000000000E+00    0.0000000000E+00
    0.0000000000E+00    0.0000000000E+00    0.0000000000E+00
    0.0000000000E+00    0.0000000000E+00    0.0000000000E+00
    0.0000000000E+00    0.0000000000E+00    0.0000000000E+00
    0.0000000000E+00    0.0000000000E+00    0.0000000000E+00
    0.0000000000E+00    0.0000000000E+00    0.0000000000E+00
    0.0000000000E+00    0.0000000000E+00    0.0000000000E+00
    0.0000000000E+00    0.0000000000E+00    0.0000000000E+00
    0.0000000000E+00    0.0000000000E+00    0.0000000000E+00
    0.0000000000E+00    0.0000000000E+00    0.0000000000E+00
    0.0000000000E+00    0.0000000000E+00    0.0000000000E+00
    0.0000000000E+00    0.0000000000E+00    0.0000000000E+00
    0.0000000000E+00    0.0000000000E+00    0.0000000000E+00
   -5.4494706842E-04   -5.5964438754E-03    6.2771648166E-03
   -5.2511581333E-04    7.9930900966E-03    5.9349754809E-03
    1.7036703459E-02   -1.2004113655E-02   -3.8191022147E-05
   -1.5318309223E-02    1.3320679294E-02    2.0429582560E-02
   -2.5273740616E-03    2.8639660208E-02    8.1613514477E-03
   -5.5129223186E-03   -5.6467848415E-03    4.8925571847E-03
    4.3685416437E-03    6.0005007237E-04   -3.8655087998E-03
    1.0998371200E-02    1.3333281665E-02    1.1011595192E-02
   -6.5189780491E-03    1.3532279298E-02    1.1622012476E-02
   -4.0005466897E-03   -1.5786622088E-03    3.9324666183E-03
   -3.3721976866E-03    5.6084531676E-03    3.2267669780E-03
    2.4998234059E-02    4.2177374831E-03    6.5026541827E-03
    1.3844639823E-03    9.9899183081E-03   -1.8560083831E-03
   -9.9021963537E-03   -8.1030307885E-03   -4.8059437360E-03
    5.6397684601E-03    9.5289765402E-03    1.4043362696E-02
   -3.6963764871E-04    9.3643425553E-03    1.9461626586E-03
    1.6819668761E-02    5.3116802425E-03   -1.4126627575E-02
   -1.3490450023E-02    5.9528238146E-03   -7.6479495559E-03
    1.1014934593E-02   -9.0008587861E-03   -3.7953073312E-03
   -1.1530677078E-02    2.2398403736E-02    1.1869314100E-03
   -7.4353295687E-03    1.2526735496E-02    1.3440682603E-02
    1.0961405813E-02    1.3389149992E-03   -6.5323485927E-03
    5.9285282893E-03    1.8857660118E-02   -5.6038767989E-03
    2.5400916718E-02   -1.2019702512E-02   -2.4717553347E-02
    3.9912336403E-03    1.9709772674E-02   -1.9502416701E-02
    3.2582433617E-03    1.2985531196E-03    5.8102479892E-03
   -3.8294835449E-03   -5.9477759760E-03    3.1858916602E-03
   -9.3094952487E-03   -2.8912132306E-02    2.6341756897E-02
   -7.8748735824E-03   -3.3503866976E-03    6.5154942985E-03
   -1.1270872194E-03   -6.8754257694E-03   -8.4398668590E-03
   -5.7672603533E-04    8.9544542605E-03    3.4535301945E-03
    1.3735135529E-02    1.4140184226E-02    1.8407470713E-03
    9.5730808408E-02   -2.6892578799E-02   -6.1283523184E-02
    0.0000000000E+00    0.0000000000E+00    0.0000000000E+00
    0.0000000000E+00    0.0000000000E+00    0.0000000000E+00
    0.0000000000E+00    0.0000000000E+00    0.0000000000E+00
    0.0000000000E+00    0.0000000000E+00    0.0000000000E+00
    0.0000000000E+00    0.0000000000E+00    0.0000000000E+00
    0.0000000000E+00    0.0000000000E+00    0.0000000000E+00
    0.0000000000E+00    0.0000000000E+00    0.0000000000E+00
    0.0000000000E+00    0.0000000000E+00    0.0000000000E+00
    0.0000000000E+00    0.0000000000E+00    0.0000000000E+00
    0.0000000000E+00    0.0000000000E+00    0.0000000000E+00
    0.0000000000E+00    0.0000000000E+00    0.0000000000E+00
    0.0000000000E+00    0.0000000000E+00    0.0000000000E+00
    0.0000000000E+00    0.0000000000E+00    0.0000000000E+00
    0.0000000000E+00    0.0000000000E+00    0.0000000000E+00
    0.0000000000E+00    0.0000000000E+00    0.0000000000E+00
    0.0000000000E+00    0.0000000000E+00    0.0000000000E+00
    0.0000000000E+00    0.0000000000E+00    0.0000000000E+00
    0.0000000000E+00    0.0000000000E+00    0.0000000000E+00
    0.0000000000E+00    0.0000000000E+00    0.0000000000E+00
    0.0000000000E+00    0.0000000000E+00    0.0000000000E+00
    0.0000000000E+00    0.0000000000E+00    0.0000000000E+00
    0.0000000000E+00    0.0000000000E+00    0.0000000000E+00
    0.0000000000E+00    0.0000000000E+00    0.0000000000E+00
    0.0000000000E+00    0.0000000000E+00    0.0000000000E+00
    0.0000000000E+00    0.0000000000E+00    0.0000000000E+00
    0.0000000000E+00    0.0000000000E+00    0.0000000000E+00
    0.0000000000E+00    0.0000000000E+00    0.0000000000E+00
    0.0000000000E+00    0.0000000000E+00    0.0000000000E+00
    0.0000000000E+00    0.0000000000E+00    0.0000000000E+00
    0.0000000000E+00    0.0000000000E+00    0.0000000000E+00
    0.0000000000E+00    0.0000000000E+00    0.0000000000E+00
    0.0000000000E+00    0.0000000000E+00    0.0000000000E+00
    6.5940153231E-03    1.1875238657E-02   -1.0158399472E-02
    2.4556344290E-02   -1.2268813087E-02   -1.6249549936E-03
   -7.1854567450E-05    1.5598010766E-02   -4.2277309128E-03
   -1.0905655376E-02   -3.1778321945E-03   -3.6247089966E-03
    6.9568876902E-03    1.0850876387E-02    2.5313582836E-03
    5.9361782994E-03    7.9934346324E-03   -5.0784834533E-03
    5.3087376095E-04   -1.1535889922E-03   -1.8980265430E-03
   -2.7920699169E-02   -8.0488750877E-02   -9.7970293116E-02
    6.9841290342E-03   -7.1423824724E-03   -6.2010084803E-03
    3.9624894923E-03    3.6369389003E-03    6.6443579493E-03
    4.4357490495E-03   -2.0904575072E-03   -2.3225758838E-03
    6.7601028053E-03    4.5697164187E-03    1.2115068964E-03
    2.6175209842E-03    4.8642399203E-03   -4.8952399891E-03
    5.6813521702E-03   -3.2814027992E-03   -3.2571611996E-02
   -1.0939358799E-01   -1.0657112632E-03   -6.0269697289E-02
   -6.5336467375E-02   -5.3102254105E-02   -2.3264964890E-02
    2.2734488317E-03   -3.5044308027E-05   -3.5620763231E-02
    4.0648336064E-03   -7.0882511703E-04   -5.6922385834E-03
   -8.6622909869E-03   -6.6797694059E-04   -7.4131030010E-03
    3.9202214436E-03    8.9076746998E-03    2.1913781645E-02
    1.2897893575E-02   -4.7549085294E-03   -2.4221388152E-02
    3.9874279824E-03    1.0471189544E-02    2.6087550664E-02
    1.5213452670E-02    6.9960901126E-03   -1.3379738851E-02
    8.0097793188E-03    1.9701782111E-02    9.4095907072E-04
   -1.0714839366E-02    1.0582305419E-02   -2.5197082257E-02
    5.3726024749E-03    4.0707013790E-03   -6.2486542042E-03
    2.1433677716E-03    6.8761724417E-03   -1.3784320693E-03
    9.4876873490E-03   -7.6904305248E-03    9.1368695172E-03
    1.8602268177E-02    4.4480016032E-03   -9.9484259854E-03
    7.6075743022E-03    8.0099963111E-03    5.2028524290E-04
    4.8180297430E-03    1.6248922015E-02   -3.2521617699E-02
   -1.7916810610E-02    6.1019447033E-03    1.0016050769E-03
    4.6569587317E-02   -1.5710530085E-02    1.4261204339E-02
   -5.4407229196E-04    3.6992390115E-03   -6.4982682451E-03
   -1.1203499616E-02    5.6467410546E-03   -1.1630763234E-02
   -5.2414038841E-02    2.6244672742E-02    3.0460955204E-03
   -1.2642525938E-03    8.9594337191E-03   -1.2865792248E-02
   -4.3047071856E-02   -1.6616425552E-02   -8.8615746071E-02
    2.0129575817E-02   -1.9107389646E-02    7.0249586308E-03
    1.8420552349E-02    4.7097485263E-02   -1.2595610715E-02
   -6.0464788471E-03    1.8430881756E-02   -9.9878358601E-03
    1.7569433731E-02    3.0753286420E-03   -1.4503655496E-02
   -2.4109532911E-02   -4.6012019245E-03    1.6956288290E-02
    2.5082183498E-02   -2.0335195444E-03   -4.6563228741E-03
   -2.9031456850E-02   -5.0154758635E-02    7.5581237193E-02
   -9.3532943336E-03   -2.0447313384E-03   -4.7306472391E-02
   -3.1751974673E-03    1.2635319747E-02    9.5280657965E-03
    1.2677900464E-02   -1.4475393347E-03   -5.8682016488E-02
    8.5709041424E-04    1.8695596658E-02   -3.2776348689E-02
    2.0011255363E-02    2.5732735541E-03    1.6393963849E-02
   -1.1923800111E-02    1.5256744207E-02    1.6660412087E-02
    6.3964151770E-03   -7.1819135036E-03    8.0911363643E-02
    9.2719137161E-03   -7.7489055309E-03    4.8408915476E-02
    8.9837860938E-04   -4.2709385402E-03   -1.0609729717E-02
   -1.9383330123E-03    6.4287235644E-03    2.0566815504E-02
    1.4763607632E-02    1.0505707955E-02   -3.3703151054E-02
    3.0952109063E-03    2.0479799703E-02   -1.2361381775E-02
   -7.8794208031E-03   -4.3928042535E-04    4.9955408280E-03
    8.7935485326E-03    6.0723043649E-03   -4.0701529439E-02
    1.4187214385E-02   -1.6338985116E-02    1.0978028354E-02
   -7.3748419193E-03    3.2145998772E-02   -7.5900361737E-03
    1.4582019106E-03    5.8158029654E-04   -3.7560376022E-03
    2.5259971094E-02    1.8387481141E-02    1.8162545454E-02
    1.1098584544E-02   -5.2993572745E-03    5.5051265270E-03
    1.0618511622E-01    7.4834972898E-02    7.0555325216E-02
    4.2153856841E-03    1.4359569684E-01    9.1070601442E-02
   -6.8910389688E-02   -1.0683829015E-01   -5.8900796258E-02
   -1.1111282875E-01    5.3445282289E-03    3.4480838955E-02
   -2.2634901238E-02    6.1578067884E-02    1.2794361625E-01
    2.9023566750E-02    2.3177301707E-02   -3.1240885347E-03
    5.9499425221E-02    3.5323647424E-01    1.0819005034E-01
   -1.2316326955E-02   -1.5122053545E-02   -4.6590583166E-03
    1.2080312308E-02   -2.4481386885E-03    4.3657082438E-03
   -6.4299343122E-02    1.2136584709E-01    4.6424624415E-02
    2.7187064631E-02    2.0384183275E-02   -8.0491904763E-03
    1.0170491294E-02   -7.6025583700E-02   -2.0148051657E-02
   -1.0778923037E-01   -1.0081113734E-01   -6.2231566361E-02
   -1.9955154510E-02   -6.7876425809E-02    2.6946331517E-02
   -1.2251759422E-02   -1.5481234396E-01    5.4410147682E-02
    1.1790354786E-03   -5.1422471199E-02    2.7750005228E-02
    7.0523155314E-02    2.3518041218E-02   -8.2070413838E-02
    3.9672382861E-03    2.0608839379E-01    1.9420763999E-01
   -6.9834334624E-02    8.0057197796E-03    1.0762120104E-01
   -2.2001440069E-01   -4.1357465155E-01    8.9028077839E-02
    3.0595677108E-01   -1.0969881594E-01   -2.2827244036E-01
   -6.5542340577E-02   -1.7302955414E-01   -6.1369940541E-03
