    0.0000000000E+00    0.0000000000E+00    0.0000000000E+00
    0.0000000000E+00    0.0000000000E+00    0.0000000000E+00
    0.0000000000E+00    0.0000000000E+00    0.0000000000E+00
    0.0000000000E+00    0.0000000000E+00    0.0000000000E+00
    0.0000000000E+00    0.0000000000E+00    0.0000000000E+00
    0.0000000000E+00    0.0000000000E+00    0.0000000000E+00
    0.0000000000E+00    0.0000000000E+00    0.0000000000E+00
    0.0000000000E+00    0.0000000000E+00    0.0000000000E+00
    0.0000000000E+00    0.0000000000E+00    0.0000000000E+00
    0.0000000000E+00    0.0000000000E+00    0.0000000000E+00
    0.0000000000E+00    0.0000000000E+00    0.0000000000E+00
    0.0000000000E+00    0.0000000000E+00    0.0000000000E+00
    0.0000000000E+00    0.0000000000E+00    0.0000000000E+00
    0.0000000000E+00    0.0000000000E+00    0.0000000000E+00
    0.0000000000E+00    0.0000000000E+00    0.0000000000E+00
    0.0000000000E+00    0.0000000000E+00    0.0000000000E+00
    1.1986813676E-02    7.4927231466E-03   -1.8218559739E-03
    5.5646158285E-03   -3.3046795131E-04   -3.4687321500E-03
    1.8310508658E-02   -6.4896851991E-03   -3.7012024204E-03
   -1.5382170540E-02    6.1334892682E-03    1.2082154255E-02
    1.9067687202E-03    1.3989906999E-02   -1.2680972471E-03
    1.1388983974E-02   -1.4141304315E-03   -5.3645238123E-03
    1.1437464234E-02   -1.4977380288E-02    8.6619790611E-03
   -5.0708031349E-04    2.2170633825E-03    1.5166514512E-03
   -7.5813832750E-03    1.0441044085E-02    1.4152318917E-04
    1.3019528367E-02    1.5300089381E-03   -7.2243103753E-03
    8.4934561221E-03   -2.5421199948E-03    1.1776888034E-03
    6.0561074895E-03   -5.9473338134E-03    3.7514603389E-03
   -7.6301918057E-03    6.6718561197E-03   -2.5049223853E-03
    1.3133290161E-02   -2.0295274087E-02   -1.7686220622E-02
   -7.8924396370E-03    1.2319799045E-02    1.9604719667E-02
    9.9172900033E-03    9.2805484278E-03   -2.9178352142E-03
    6.6047650541E-03    1.9522423279E-02   -2.4233247702E-03
   -7.9528383309E-03    1.2521009767E-02   -3.4723919331E-02
   -1.3695569920E-02   -2.9417207376E-02    2.6586900532E-02
   -2.8619369704E-02    1.1276641152E-02   -3.3511958534E-03
   -2.2112261632E-02    2.6661914978E-02    5.1079219053E-03
   -2.6110947725E-04    6.1266005635E-03   -8.3459541464E-03
   -1.3640867888E-02   -9.2272238050E-03    1.0022359501E-02
    1.2523689506E-02    5.1955857634E-02   -4.3872404871E-03
    6.5879990780E-03    2.9437500632E-02   -4.7857118795E-03
   -5.1810618234E-03    1.1858509817E-02   -5.6244405641E-03
    1.3528002376E-02   -1.2370345493E-02   -2.3115976906E-02
   -9.6146612563E-03    4.4108551103E-02    7.5586620730E-02
   -7.1742261634E-03    1.3028479468E-02   -6.2163064592E-03
   -4.1174066179E-03    1.5539542419E-02    4.1928642004E-03
   -4.8320740112E-03   -1.9080301899E-02    4.0378850201E-02
   -2.8568323555E-03    3.0868325983E-03    5.6728128768E-03
    6.0498755266E-02    1.8950651488E-01    4.9151150720E-02
    0.0000000000E+00    0.0000000000E+00    0.0000000000E+00
    0.0000000000E+00    0.0000000000E+00    0.0000000000E+00
    0.0000000000E+00    0.0000000000E+00    0.0000000000E+00
    0.0000000000E+00    0.0000000000E+00    0.0000000000E+00
    0.0000000000E+00    0.0000000000E+00    0.0000000000E+00
    0.0000000000E+00    0.0000000000E+00    0.0000000000E+00
    0.0000000000E+00    0.0000000000E+00    0.0000000000E+00
    0.0000000000E+00    0.0000000000E+00    0.0000000000E+00
    0.0000000000E+00    0.0000000000E+00    0.0000000000E+00
    0.0000000000E+00    0.0000000000E+00    0.0000000000E+00
    0.0000000000E+00    0.0000000000E+00    0.0000000000E+00
    0.0000000000E+00    0.0000000000E+00    0.0000000000E+00
    0.0000000000E+00    0.0000000000E+00    0.0000000000E+00
    0.0000000000E+00    0.0000000000E+00    0.0000000000E+00
    0.0000000000E+00    0.0000000000E+00    0.0000000000E+00
    0.0000000000E+00    0.0000000000E+00    0.0000000000E+00
    0.0000000000E+00    0.0000000000E+00    0.0000000000E+00
    0.0000000000E+00    0.0000000000E+00    0.0000000000E+00
    0.0000000000E+00    0.0000000000E+00    0.0000000000E+00
    0.0000000000E+00    0.0000000000E+00    0.0000000000E+00
    0.0000000000E+00    0.0000000000E+00    0.0000000000E+00
    0.0000000000E+00    0.0000000000E+00    0.0000000000E+00
    0.0000000000E+00    0.0000000000E+00    0.0000000000E+00
    0.0000000000E+00    0.0000000000E+00    0.0000000000E+00
    0.0000000000E+00    0.0000000000E+00    0.0000000000E+00
    0.0000000000E+00    0.0000000000E+00    0.0000000000E+00
    0.0000000000E+00    0.0000000000E+00    0.0000000000E+00
    0.0000000000E+00    0.0000000000E+00    0.0000000000E+00
    0.0000000000E+00    0.0000000000E+00    0.0000000000E+00
    0.0000000000E+00    0.0000000000E+00    0.0000000000E+00
    0.0000000000E+00    0.0000000000E+00    0.0000000000E+00
    0.0000000000E+00    0.0000000000E+00    0.0000000000E+00
   -1.2209858075E-02    3.5368942149E-02   -3.1114005956E-03
    3.8385920286E-03    2.2338309811E-03    2.7505206342E-04
    1.9261434676E-03   -4.1455364334E-03   -1.1188559290E-02
    1.6076091620E-02   -7.5303585523E-03    9.6157511566E-03
   -8.4527923567E-03    1.7908289712E-04   -9.3560142917E-03
    1.9210176443E-02   -1.6463058667E-02   -5.2382647112E-03
    1.2199627198E-02    9.1292765027E-04   -2.3105845195E-03
    1.0926827352E-02    1.7178348875E-02   -1.8376354898E-03
    2.1713543149E-03    6.4575961069E-03   -8.2498176207E-03
    2.5267879066E-02    5.5882843313E-05    5.4564490027E-04
   -1.1079832240E-02    4.9528196353E-03   -6.2236928493E-03
   -1.0619401315E-02    2.8345520620E-02    9.9492613103E-03
    4.0716720902E-02    9.3876519683E-03   -9.2148184386E-02
    5.6880259033E-03    1.2288717145E-02    5.2636259641E-03
    2.2359191348E-02   -3.0930590197E-02   -4.5293888121E-02
   -1.4131479472E-02    2.4154278143E-02    5.3983008013E-02
   -7.8810313151E-03    9.8637379971E-03   -1.8197440409E-02
    5.7079148372E-03   -7.7586763426E-03    1.7361013624E-02
   -3.1002459436E-03   -1.2819744563E-02   -1.1298482466E-02
    2.2189298583E-02    1.5906580653E-02    3.6726949969E-02
    4.1047868921E-03    1.2833116036E-02   -2.5912289587E-03
   -7.7021850023E-03   -5.9406319873E-03    1.0285310449E-02
    2.4528112069E-02   -7.3544921439E-02    2.2993016532E-02
   -7.8055436832E-03    2.5528582147E-02    5.3028769121E-02
    1.4001453129E-03    1.5368376861E-02    8.6095911649E-03
    8.1831077821E-03    5.7907550068E-03   -2.2437956768E-02
    3.4904471807E-02   -7.9603011903E-03   -3.4281025459E-03
    1.0345830363E-02    7.2366891479E-03   -8.9700207832E-04
    1.9051276854E-02   -3.3907923618E-03   -2.2335317623E-03
    3.0059460379E-03   -3.4582650662E-03    8.8863983184E-03
    4.9251027883E-02   -9.1946709073E-02   -4.4673200763E-02
   -1.5647095380E-01    6.5123644928E-02    2.1361973568E-02
   -1.2742146651E-02    2.8707617688E-02   -1.2667662234E-03
   -2.3646826059E-02    5.1401779184E-03   -4.4493487682E-03
    5.1356705562E-02   -6.1710354547E-02    2.4108763965E-02
   -4.0875439541E-02    2.0900587875E-02   -1.5425875308E-02
    7.2733864143E-03   -6.6826734833E-03   -1.5539000208E-03
    1.9564653449E-02    1.4838996051E-02   -3.0892744865E-02
    1.4145022020E-03    6.9099474266E-03    2.1809718043E-03
   -3.4469775877E-02    9.9264759304E-03    7.4154473181E-03
   -3.0967911481E-02    4.0594069620E-02   -6.4634357104E-03
   -1.1691319545E-02   -9.4259035195E-03   -1.1427494653E-02
   -2.2669908154E-02    6.4428397625E-02    4.0702442721E-02
    1.9109889661E-02    3.3656858403E-02    8.8035653557E-03
    2.6226147477E-03    6.1957369078E-03   -1.7512895147E-02
    7.3100252812E-03    5.6861555871E-03   -6.4601543323E-02
    2.2336659332E-02    6.1683294283E-02    1.0092370210E-01
   -2.7803418709E-02    3.3986818861E-02   -2.4669300645E-02
   -2.2954847297E-02    6.2607289651E-03   -4.8486886562E-03
   -8.7066022279E-03    1.0013129256E-02   -1.0959477208E-02
   -8.0317179325E-03   -2.1728953537E-02   -2.2214217218E-02
   -3.1615822666E-02    1.4518200415E-02    2.4096849388E-02
   -6.6139890537E-03    1.4549698221E-02    1.8701878945E-02
    6.7658544922E-03    3.9745944818E-03   -8.6574521857E-04
   -1.4538212575E-01   -1.3841200207E-01    1.3658850804E-01
    2.2499160090E-02    3.2776488602E-02   -2.1607728738E-02
    3.0330386026E-02    4.3388836839E-02   -1.8942965782E-03
   -8.8282586002E-03   -4.1569463513E-03   -3.3365098944E-02
    4.9872395471E-03   -1.9951557414E-02    8.8986829380E-03
   -2.3555243030E-02    7.6170715169E-03    1.8965251962E-02
   -4.1785304923E-03    1.2352196636E-02   -1.7305190645E-02
    3.0669450554E-03    2.8598035921E-02   -2.1859932507E-02
    2.4715257267E-03   -1.9652853311E-02    1.0371380273E-01
   -2.2351725397E-02   -6.0815367279E-03    4.3305946044E-03
    8.5187218754E-02    3.1889956634E-02   -1.5049197995E-02
   -1.0888296201E-01    7.0894810344E-02    9.9467728380E-02
    4.8182068696E-02    1.5586482296E-02    2.1364863888E-02
   -2.2209860851E-02   -6.6677017002E-02   -2.5871660912E-03
    3.0530938154E-03   -5.0859566959E-02   -1.4745918402E-02
   -2.4437797222E-02   -4.2457941942E-02   -7.9476495440E-03
   -8.6888839422E-03   -6.7608788565E-02   -1.5244094530E-02
   -4.2018760864E-02   -5.6258039321E-02   -6.1058887903E-03
   -2.2615085425E-02   -4.7067575383E-02   -9.1000614049E-03
   -1.3728130115E-02   -1.5909924923E-02   -4.9336570316E-03
   -2.5473699121E-02   -7.0101815517E-02   -5.6516865411E-03
    1.4748860107E-02   -1.7657194203E-01    3.1654679943E-02
   -8.1030807937E-04   -1.3968157523E-01   -5.7337033983E-02
   -3.9946456241E-04    5.6919420987E-01    2.2819516151E-01
   -4.3013380239E-04   -9.7344204385E-02    3.0448390672E-03
   -4.7507126787E-02   -1.2500244721E-02    1.3027802953E-01
   -2.9681383795E-02   -5.4445386161E-02   -1.1880212950E-02
   -1.0315444403E-02   -7.9805198869E-02   -1.8543724444E-02
   -2.2278062317E-02   -6.8591131402E-02   -2.5201389035E-03
   -5.3655505288E-04   -1.2497309619E-01   -2.0640314422E-02
    6.8540212460E-02   -2.0298420825E-01   -2.0074063230E-01
   -4.1184346144E-02   -2.3960553393E-01   -1.2264020505E-01
