    0.0000000000E+00    0.0000000000E+00    0.0000000000E+00
    0.0000000000E+00    0.0000000000E+00    0.0000000000E+00
    0.0000000000E+00    0.0000000000E+00    0.0000000000E+00
    0.0000000000E+00    0.0000000000E+00    0.0000000000E+00
    0.0000000000E+00    0.0000000000E+00    0.0000000000E+00
    0.0000000000E+00    0.0000000000E+00    0.0000000000E+00
    0.0000000000E+00    0.0000000000E+00    0.0000000000E+00
    0.0000000000E+00    0.0000000000E+00    0.0000000000E+00
    0.0000000000E+00    0.0000000000E+00    0.0000000000E+00
    0.0000000000E+00    0.0000000000E+00    0.0000000000E+00
    0.0000000000E+00    0.0000000000E+00    0.0000000000E+00
    0.0000000000E+00    0.0000000000E+00    0.0000000000E+00
    0.0000000000E+00    0.0000000000E+00    0.0000000000E+00
    0.0000000000E+00    0.0000000000E+00    0.0000000000E+00
    0.0000000000E+00    0.0000000000E+00    0.0000000000E+00
    0.0000000000E+00    0.0000000000E+00    0.0000000000E+00
   -4.3411590950E-03   -1.4507829009E-02   -8.0579996107E-04
    8.3572874359E-03    7.3730702681E-03   -4.1759234780E-03
   -1.4095332340E-03    2.6812684067E-03    1.9804656245E-03
   -2.6936435453E-03    1.7872212631E-02    1.0804198398E-02
    2.3832431518E-02    8.0231237137E-03   -4.0118294518E-02
    5.7121819333E-03    2.5066224813E-03   -3.1899858374E-02
   -6.3024489719E-03    1.3125904706E-03    1.5841629562E-03
   -6.2544706934E-03   -3.4913298192E-03   -8.3291768287E-03
   -7.8812909697E-03   -1.0769524547E-02   -1.9672403528E-02
    8.2964866690E-03    7.8946201300E-03   -1.5280925842E-02
   -1.1685693365E-02    1.3209512418E-03   -7.6319432595E-03
   -9.5514933460E-03    3.2631909057E-03    2.4586861097E-03
    2.0041945712E-02   -4.8586358875E-03   -8.2051771875E-03
    3.7890601648E-03    1.3842717229E-02   -1.4729952452E-02
   -3.9818100333E-03   -9.9820068503E-05   -1.0087497319E-02
   -6.5706672833E-03    5.0777289462E-03    5.0183587050E-04
   -1.4106386606E-02   -1.4677832111E-02    1.0142133946E-02
    1.1180258017E-02    8.7595721914E-03   -2.4283558299E-02
    8.4481421182E-03    1.6739158292E-02    8.5866797290E-03
    3.7645356225E-03    1.6863428306E-02    1.2033824055E-03
   -2.6953969591E-02    7.4915180313E-04   -1.6580118545E-02
   -5.0508179469E-03    1.0557570948E-02    1.6716891061E-02
    8.7499043801E-03   -7.8310282608E-03   -1.2164397026E-02
   -3.7531778465E-02   -1.1938382670E-02    7.8939954744E-02
    2.8328628342E-02   -9.5738934723E-03   -3.1218542479E-03
   -5.5333271980E-03    1.1006351112E-02    7.9380583540E-04
    1.7908665919E-03   -8.6858339473E-03    6.2516460529E-03
    8.3137501337E-03    9.2399325858E-03    7.4675240530E-03
    5.7806395406E-03    2.4218333078E-02    2.4568090080E-03
    7.1648259949E-03    8.5641619343E-04   -2.7966520848E-02
    7.9886212264E-03    2.2055342661E-02   -1.2570128367E-02
   -7.4580615096E-03   -3.9866201155E-03    9.5895360481E-03
    3.5433306977E-02   -1.0590216111E-02   -8.0839285488E-02
    0.0000000000E+00    0.0000000000E+00    0.0000000000E+00
    0.0000000000E+00    0.0000000000E+00    0.0000000000E+00
    0.0000000000E+00    0.0000000000E+00    0.0000000000E+00
    0.0000000000E+00    0.0000000000E+00    0.0000000000E+00
    0.0000000000E+00    0.0000000000E+00    0.0000000000E+00
    0.0000000000E+00    0.0000000000E+00    0.0000000000E+00
    0.0000000000E+00    0.0000000000E+00    0.0000000000E+00
    0.0000000000E+00    0.0000000000E+00    0.0000000000E+00
    0.0000000000E+00    0.0000000000E+00    0.0000000000E+00
    0.0000000000E+00    0.0000000000E+00    0.0000000000E+00
    0.0000000000E+00    0.0000000000E+00    0.0000000000E+00
    0.0000000000E+00    0.0000000000E+00    0.0000000000E+00
    0.0000000000E+00    0.0000000000E+00    0.0000000000E+00
    0.0000000000E+00    0.0000000000E+00    0.0000000000E+00
    0.0000000000E+00    0.0000000000E+00    0.0000000000E+00
    0.0000000000E+00    0.0000000000E+00    0.0000000000E+00
    0.0000000000E+00    0.0000000000E+00    0.0000000000E+00
    0.0000000000E+00    0.0000000000E+00    0.0000000000E+00
    0.0000000000E+00    0.0000000000E+00    0.0000000000E+00
    0.0000000000E+00    0.0000000000E+00    0.0000000000E+00
    0.0000000000E+00    0.0000000000E+00    0.0000000000E+00
    0.0000000000E+00    0.0000000000E+00    0.0000000000E+00
    0.0000000000E+00    0.0000000000E+00    0.0000000000E+00
    0.0000000000E+00    0.0000000000E+00    0.0000000000E+00
    0.0000000000E+00    0.0000000000E+00    0.0000000000E+00
    0.0000000000E+00    0.0000000000E+00    0.0000000000E+00
    0.0000000000E+00    0.0000000000E+00    0.0000000000E+00
    0.0000000000E+00    0.0000000000E+00    0.0000000000E+00
    0.0000000000E+00    0.0000000000E+00    0.0000000000E+00
    0.0000000000E+00    0.0000000000E+00    0.0000000000E+00
    0.0000000000E+00    0.0000000000E+00    0.0000000000E+00
    0.0000000000E+00    0.0000000000E+00    0.0000000000E+00
    7.8530007985E-03    1.3327860012E-02   -2.4035558344E-02
   -9.9123019224E-03   -1.2634186290E-02   -2.4920159074E-02
   -2.0361905003E-02   -2.6838615685E-02    1.1106614117E-02
   -1.0921918422E-02   -1.7999993800E-02   -5.0328002891E-02
   -6.7906253356E-03    2.3170884347E-03    1.3135947177E-03
   -6.8969043936E-04    2.6274795332E-03   -4.3363562624E-04
   -4.0385746997E-04    3.5029178935E-03   -5.4802228387E-03
    1.1059012683E-02   -5.4937520908E-03   -7.3172955069E-03
   -5.9352037491E-03   -1.8378040445E-03    3.0666526692E-03
   -1.7701443691E-03    4.4730036613E-03   -6.7167215674E-03
   -1.4074090202E-02    1.7193396480E-02    5.6633289360E-05
    4.0104157239E-03   -1.3107739910E-03    5.0432186521E-03
   -9.6426838795E-03   -1.4812253346E-03   -4.7609926249E-05
    2.3164237019E-03   -2.6276430565E-03    1.5942763921E-03
    6.5180368850E-03   -6.0328156070E-03   -6.2406007110E-05
    7.4988092039E-04   -3.3078325840E-03   -9.1520787816E-03
    7.5397936080E-04   -1.5668984679E-03   -8.9082941664E-03
   -4.2028042786E-03   -7.9449751630E-03   -6.2883607311E-03
   -8.1776352693E-03   -5.7903793848E-03    1.3207993501E-02
   -2.5042793954E-03    1.6881191869E-03    5.6129710469E-03
   -5.8797036545E-03   -9.8608538230E-03    1.2424130673E-02
   -1.3983610051E-03    6.4310554979E-03    3.8854222811E-04
    1.3598194642E-02    1.3568307868E-03   -1.3195999471E-02
   -4.0777803930E-03   -9.8990242834E-03   -1.2809428814E-02
   -8.0164303745E-03   -2.0138953936E-02   -5.2751745307E-03
    3.8859497505E-03    1.6160297801E-03    1.2655731545E-02
   -1.4283801472E-03    5.7539567873E-03    1.8978123127E-02
   -3.0267817233E-03    2.1900480845E-03   -2.5442718078E-02
    7.7111162173E-03    1.5391614874E-02   -1.8093672835E-02
    1.0806436205E-02    6.5434010815E-03   -1.0451523694E-02
    1.4990550892E-02   -1.9216382760E-01    5.3209268890E-02
    1.0808534577E-02   -1.5530199953E-03    1.4715751295E-04
    1.4152130653E-01    5.5235285937E-02    2.1113680969E-01
   -4.0810764257E-03   -1.3472035845E-02    6.4528471192E-02
   -2.3095683751E-02   -6.2916021467E-03    6.4097668493E-03
   -1.7509278255E-02    1.2846568611E-03   -4.6569902434E-04
    1.5350702757E-02    1.0872680189E-02    9.7091274611E-03
    5.0810607123E-03    6.1972029376E-03    9.0274840408E-03
   -1.2968597901E-02    2.4042764754E-03   -2.8551725369E-02
    2.1146245777E-02   -1.6738044079E-02    2.4661762515E-02
   -6.1313549568E-03   -9.6935980031E-03    1.1348648712E-02
   -1.5492264281E-02    8.8151186847E-04   -1.8155231160E-02
   -2.8882725478E-02   -1.2196581252E-02    1.8708122473E-02
    7.4406540945E-03   -2.5017747089E-02   -9.7101644801E-04
    4.5176181143E-03   -4.7784922530E-04   -2.7295386056E-03
   -4.1062974272E-04    1.6414545215E-02   -1.3761756572E-03
    6.4484128652E-02    1.2287386449E-02    4.1334845522E-03
    4.0357173933E-03    1.9241480823E-02   -8.9511126279E-03
    1.1806066607E-02    1.1332581227E-02   -1.5192371441E-03
    3.8272720557E-03    1.6199064367E-02    1.9958492522E-02
   -2.0677682587E-03    1.2246420411E-02    3.1811571613E-03
    5.8033076254E-03   -1.9531443716E-02   -3.3315030211E-02
   -5.4223876248E-03   -1.0295123583E-02    1.2568265495E-03
   -1.1930391591E-02   -1.3014277784E-02    1.3838906404E-02
   -3.6270788621E-04   -3.7716982577E-02    2.3252544283E-03
   -2.4430939221E-02    3.1299210166E-02   -7.2621542581E-03
    1.7640583655E-02   -6.1508310537E-03    7.3197416343E-03
    3.3101064971E-03   -8.5298769827E-03    6.8777021469E-03
   -1.3798906240E-02    9.6814908931E-03    1.6992625693E-02
   -3.0468877848E-03   -3.5509881041E-02    5.6817339448E-03
   -3.9001546528E-05   -5.1551900206E-03   -4.1986608255E-02
   -2.5877994234E-03   -3.1808297411E-03   -8.4193588999E-04
    1.5741794428E-02   -1.8084987014E-03   -1.1121838366E-03
   -5.0912154046E-04   -6.9511040932E-03   -5.6505958299E-04
    1.1797721818E-01   -6.8875450921E-02   -2.5570492207E-01
    3.1687594148E-02   -5.7298054870E-02   -5.9647573125E-02
   -4.5993837370E-01   -1.7760910515E-01    5.0172023429E-01
    1.3443789154E-02   -5.4177845587E-03   -2.5898039430E-02
    2.3844304123E-02    4.2590663103E-03    1.1208244929E-02
   -2.7500280327E-03    1.1965771864E-02    8.5719102079E-03
    8.1367152633E-03    7.2462598824E-03    8.9214288096E-03
   -5.4916183204E-03    1.3122346792E-02   -2.5815395067E-03
    6.3502814261E-04    6.1371527145E-03   -2.3238427409E-03
    1.3610655797E-01   -3.8038889451E-02   -1.5409036885E-01
   -3.3114075698E-04    7.9146959197E-03   -1.9363250744E-02
    9.7896294663E-03    3.0922342589E-03   -5.8013256084E-02
    1.3884326034E-02    4.0532913820E-02   -4.6805684989E-02
    5.4379163198E-02    9.0079830972E-02    4.4937895950E-04
    4.8887911925E-03   -2.3929966166E-03    3.3904671132E-03
    9.3165084494E-02   -2.3134841628E-02    1.0844030731E-01
    2.4855610519E-02   -5.5140283978E-03   -2.5991177944E-02
    2.1526120068E-02   -1.0445524104E-02   -9.8692948079E-02
    1.2194669912E-02    4.5520357101E-02    2.9983143763E-02
    6.0415825069E-02    5.6097137465E-02    3.1301134235E-02
   -8.3115070157E-03    1.8355484196E-01    1.5410420010E-01
   -2.1641904682E-01    9.2178514176E-02   -1.2690660120E-01
