    0.0000000000E+00    0.0000000000E+00    0.0000000000E+00
    0.0000000000E+00    0.0000000000E+00    0.0000000000E+00
    0.0000000000E+00    0.0000000000E+00    0.0000000000E+00
    0.0000000000E+00    0.0000000000E+00    0.0000000000E+00
    0.0000000000E+00    0.0000000000E+00    0.0000000000E+00
    0.0000000000E+00    0.0000000000E+00    0.0000000000E+00
    0.0000000000E+00    0.0000000000E+00    0.0000000000E+00
    0.0000000000E+00    0.0000000000E+00    0.0000000000E+00
    0.0000000000E+00    0.0000000000E+00    0.0000000000E+00
    0.0000000000E+00    0.0000000000E+00    0.0000000000E+00
    0.0000000000E+00    0.0000000000E+00    0.0000000000E+00
    0.0000000000E+00    0.0000000000E+00    0.0000000000E+00
    0.0000000000E+00    0.0000000000E+00    0.0000000000E+00
    0.0000000000E+00    0.0000000000E+00    0.0000000000E+00
    0.0000000000E+00    0.0000000000E+00    0.0000000000E+00
    0.0000000000E+00    0.0000000000E+00    0.0000000000E+00
    1.2963905381E-03    4.2546859335E-03    1.2466898167E-04
   -5.8749778674E-05    1.7716957554E-03   -5.5629546042E-04
    1.1365327426E-03    2.9492665745E-03   -4.0148143620E-05
   -4.0141313606E-03   -2.3652266784E-03    2.7628970149E-03
   -3.7212916955E-03    3.1477937014E-03    5.8214075210E-03
   -4.6986991612E-04    1.7924378869E-03    2.1531286292E-03
    3.9672956598E-04   -9.2174290763E-04   -5.8769995963E-03
   -2.8127149810E-04    5.2995947670E-03    1.2957433311E-04
   -1.3190904462E-03    1.7505166358E-03    1.1992460464E-03
    5.5487378559E-04    1.3909445531E-03   -4.7662951094E-04
   -9.5968781903E-04    9.3037238855E-04   -7.7237539570E-04
   -1.3305421077E-03    1.4149790378E-03   -4.6978766880E-04
   -1.2538365889E-03    4.4309267357E-03    3.6324027281E-03
    2.0396356365E-04    3.1639454003E-03   -8.0567202135E-05
   -8.3865790381E-04    5.3788375414E-03    7.2597442302E-03
    1.2562839027E-03    4.0405608681E-03   -4.5079889069E-03
    2.0609032816E-03    7.2750348223E-04    1.4708404097E-03
    1.4637472357E-03    2.2396198508E-03    1.0221005320E-03
   -9.9455898377E-03   -5.2091655108E-03    1.2609014962E-03
    4.8143269316E-04    8.1386168452E-03    3.5437419842E-03
   -6.7368313378E-04    7.8687435397E-03    5.3417574742E-03
   -2.5573560491E-03    6.9191551973E-04    6.8153217005E-04
    1.2643188400E-03   -3.6029660160E-03   -2.1244096194E-03
    2.0182896790E-02    1.3255712704E-02   -2.0682370280E-02
    4.5409619403E-03    5.7697719679E-03   -3.5334236486E-03
    9.5210556949E-04    1.1461788563E-03   -4.3208308436E-04
    6.2041926486E-05   -9.7463221467E-04    3.7189372756E-03
   -2.0747448168E-02    6.7056324883E-03    5.4307471926E-02
   -8.6834988053E-03    4.5011119190E-03    7.5101157827E-03
   -6.9149767364E-04    1.9762039227E-03   -2.3993759632E-04
    9.3517006629E-03    4.5620863062E-03   -6.7507291420E-03
    5.5784893635E-03    5.7664142748E-04    3.3427833761E-03
    6.1173465200E-02    1.7400024503E-01    8.2585930685E-03
    0.0000000000E+00    0.0000000000E+00    0.0000000000E+00
    0.0000000000E+00    0.0000000000E+00    0.0000000000E+00
    0.0000000000E+00    0.0000000000E+00    0.0000000000E+00
    0.0000000000E+00    0.0000000000E+00    0.0000000000E+00
    0.0000000000E+00    0.0000000000E+00    0.0000000000E+00
    0.0000000000E+00    0.0000000000E+00    0.0000000000E+00
    0.0000000000E+00    0.0000000000E+00    0.0000000000E+00
    0.0000000000E+00    0.0000000000E+00    0.0000000000E+00
    0.0000000000E+00    0.0000000000E+00    0.0000000000E+00
    0.0000000000E+00    0.0000000000E+00    0.0000000000E+00
    0.0000000000E+00    0.0000000000E+00    0.0000000000E+00
    0.0000000000E+00    0.0000000000E+00    0.0000000000E+00
    0.0000000000E+00    0.0000000000E+00    0.0000000000E+00
    0.0000000000E+00    0.0000000000E+00    0.0000000000E+00
    0.0000000000E+00    0.0000000000E+00    0.0000000000E+00
    0.0000000000E+00    0.0000000000E+00    0.0000000000E+00
    0.0000000000E+00    0.0000000000E+00    0.0000000000E+00
    0.0000000000E+00    0.0000000000E+00    0.0000000000E+00
    0.0000000000E+00    0.0000000000E+00    0.0000000000E+00
    0.0000000000E+00    0.0000000000E+00    0.0000000000E+00
    0.0000000000E+00    0.0000000000E+00    0.0000000000E+00
    0.0000000000E+00    0.0000000000E+00    0.0000000000E+00
    0.0000000000E+00    0.0000000000E+00    0.0000000000E+00
    0.0000000000E+00    0.0000000000E+00    0.0000000000E+00
    0.0000000000E+00    0.0000000000E+00    0.0000000000E+00
    0.0000000000E+00    0.0000000000E+00    0.0000000000E+00
    0.0000000000E+00    0.0000000000E+00    0.0000000000E+00
    0.0000000000E+00    0.0000000000E+00    0.0000000000E+00
    0.0000000000E+00    0.0000000000E+00    0.0000000000E+00
    0.0000000000E+00    0.0000000000E+00    0.0000000000E+00
    0.0000000000E+00    0.0000000000E+00    0.0000000000E+00
    0.0000000000E+00    0.0000000000E+00    0.0000000000E+00
    3.1408059063E-03    2.2001076059E-03   -3.0121061769E-04
    1.5733545408E-03    4.2838599998E-07    9.5807565876E-04
    5.5625705725E-03   -8.8036335155E-04    8.6018334283E-04
   -2.5895100106E-03    6.3373952422E-03    2.5971002560E-03
   -1.1177094697E-03    2.3581139257E-03    3.0770274783E-03
    1.4377041735E-03    2.1697236680E-03   -2.4482665845E-03
    8.7067690799E-04    2.2873162106E-03   -1.4957136527E-03
   -4.5039565062E-04    1.0669471290E-03   -1.8419578041E-03
   -1.2649125357E-03   -2.7185737614E-03   -3.1733739647E-03
   -7.2123708153E-04    1.2159839539E-03    7.9342110804E-04
   -3.3912320592E-03    5.7230100529E-03   -2.2052457547E-03
   -1.0783289197E-03    1.3352398113E-03   -1.5099509136E-04
   -2.2100692969E-04   -3.2764505965E-05    2.5764674228E-03
   -3.0082547715E-03    1.5915125122E-03    3.1701293724E-04
   -5.1601914457E-04    2.9127995090E-03    3.9653857372E-03
   -2.5553443470E-03    4.1858069387E-03    9.2122190703E-03
   -3.6214055051E-03    6.4682330009E-03    1.9561527455E-03
   -2.7864315296E-04    3.0237466203E-03    1.5194360682E-04
   -5.0824866781E-03    2.6804801935E-03    2.3632666476E-05
   -2.1945953702E-03    2.6164914156E-04    1.4409431692E-03
   -7.4269744339E-04   -1.2477135627E-03   -4.6052647092E-03
   -1.2278960127E-03    3.5010439376E-03    5.6160681659E-04
   -4.8632239681E-03    3.4616735689E-03   -2.5427519209E-04
   -6.9167634632E-04    7.9918767212E-03    1.3319244407E-03
   -7.2292048135E-03    6.6541833143E-03    1.1448979814E-03
   -7.0473873824E-05    3.7025500286E-03   -4.7463166085E-04
    1.4610402997E-03    3.2729120336E-03   -1.1354656908E-03
    1.5399486965E-02   -3.1623243783E-02    9.3998171520E-03
   -5.0075626683E-04    7.4547493058E-03   -5.2849385856E-03
   -1.4977280851E-03    1.7241280897E-03   -1.1136736294E-03
   -1.9765259334E-03    1.5530718024E-03    3.2640242035E-03
   -3.1622866344E-02   -2.5431073790E-02   -4.1505547661E-03
   -2.2243172271E-03   -2.3909347115E-03    4.5160626767E-02
    2.6796663054E-03    3.2839969740E-03    1.3370093451E-03
    2.0578283739E-02   -1.7819424465E-03   -1.9098523271E-03
    1.6188357336E-03    7.0816991362E-03    7.5307071543E-04
   -2.8871782741E-03   -1.1477002664E-03    5.7059135171E-04
    4.8177493850E-03   -2.7615132206E-04   -2.9827551818E-03
   -5.0352582591E-03   -9.9730081626E-03   -4.2507836092E-03
   -6.6329772886E-03    7.3465071275E-03    6.6160676409E-03
    5.0741378989E-04    1.0708593517E-03    1.2790418339E-03
   -3.9884045766E-03   -1.5918731372E-03    2.6580982219E-03
    3.6643446396E-04    6.1463736373E-03    1.6798414115E-02
    9.2926883418E-03    2.2462401064E-03   -1.2559762251E-02
    2.1095050668E-03   -7.4419853506E-04    1.2134131654E-03
    7.0765792679E-04    1.1209623623E-03    3.8501424199E-03
    6.5646104783E-03    3.8110375035E-02    6.4615874160E-02
    1.6647503468E-03    6.0838286953E-03   -5.9501173197E-04
    4.3709325827E-03    7.5058632952E-03   -5.7147912946E-03
    5.4221559326E-03    2.8350215017E-04   -1.5129847214E-02
    9.4017853260E-04   -5.1519957381E-03    5.2251484263E-03
   -1.4131619553E-02   -8.9456275751E-03    1.1797608241E-03
    3.8908953096E-03    5.7023881552E-03   -1.7586390007E-03
   -2.1055833329E-03    1.5155885793E-03   -2.1150142817E-03
   -3.5385288606E-04   -1.1159441515E-02    8.9447549250E-03
    3.7143470668E-02   -1.0545275517E-02   -7.7235293660E-03
    1.5642488188E-03    4.1472794834E-03   -4.0712761799E-03
    4.2344478786E-03    2.7044979646E-03    1.6115770754E-04
    3.5677330013E-04   -1.0353118430E-02   -6.8269318313E-03
   -1.9019019244E-02    2.4540353729E-03    3.0342902471E-02
   -2.0634216200E-04    5.4637212054E-03   -6.0140128050E-04
    1.2325617592E-03    1.6741891035E-03    3.8171918872E-04
    1.2978014283E-02   -2.3191816262E-02    2.2023896964E-02
    2.8937336006E-03   -4.2034151961E-04   -1.8087163981E-03
    1.0545762891E-01    4.6345170616E-02   -7.8522553988E-02
   -8.9309715801E-02    5.6534657597E-02    7.3112261949E-02
    4.1340518679E-02    1.1022866204E-02   -1.0498266646E-02
   -9.3333108822E-02   -5.6239375783E-02   -8.9816674313E-03
   -1.2880350689E-02   -7.4621005025E-02   -5.9321739863E-02
    6.4319489265E-03    1.9311873670E-02   -1.6979196604E-02
    1.2019658402E-01   -1.2902090572E-01   -8.5532573466E-04
   -3.5939989354E-02    2.7430858437E-02   -5.0463655495E-03
   -1.3348822633E-02   -3.8423741555E-03   -1.7860064642E-02
   -1.8874772352E-01    7.0788369409E-01    1.5828240891E-01
   -3.7543610326E-02   -2.6493750787E-03   -6.6825622537E-03
   -5.3378917592E-02    8.2183579091E-02    1.1829427924E-01
   -6.3672932318E-03   -6.1607558587E-02   -4.6411760050E-02
   -3.8821815447E-02   -3.9675449093E-02   -1.6068441532E-02
   -1.4540857552E-02   -1.5163281581E-01    4.3820883625E-02
   -2.0396846022E-02   -6.4441005983E-03   -5.8679841569E-03
   -2.1202802812E-02    7.7286491491E-03   -1.4792601386E-02
    1.5452208963E-02   -1.0275019706E-01   -8.3187994796E-02
   -4.1499715405E-02   -3.4638543484E-02   -2.3037646026E-02
    2.5803915306E-02   -2.4414206237E-01   -1.9030593442E-01
    9.5403960753E-02   -1.8798433444E-01   -2.2966556505E-01
   -3.0414341470E-02   -1.0060117932E-01   -1.1660788838E-02
