    0.0000000000E+00    0.0000000000E+00    0.0000000000E+00
    0.0000000000E+00    0.0000000000E+00    0.0000000000E+00
    0.0000000000E+00    0.0000000000E+00    0.0000000000E+00
    0.0000000000E+00    0.0000000000E+00    0.0000000000E+00
    0.0000000000E+00    0.0000000000E+00    0.0000000000E+00
    0.0000000000E+00    0.0000000000E+00    0.0000000000E+00
    0.0000000000E+00    0.0000000000E+00    0.0000000000E+00
    0.0000000000E+00    0.0000000000E+00    0.0000000000E+00
    0.0000000000E+00    0.0000000000E+00    0.0000000000E+00
    0.0000000000E+00    0.0000000000E+00    0.0000000000E+00
    0.0000000000E+00    0.0000000000E+00    0.0000000000E+00
    0.0000000000E+00    0.0000000000E+00    0.0000000000E+00
    0.0000000000E+00    0.0000000000E+00    0.0000000000E+00
    0.0000000000E+00    0.0000000000E+00    0.0000000000E+00
    0.0000000000E+00    0.0000000000E+00    0.0000000000E+00
    0.0000000000E+00    0.0000000000E+00    0.0000000000E+00
    1.2591640922E-02   -3.2635119571E-03    3.0608386264E-03
   -5.7157412743E-03    5.4704555001E-03    7.8416830072E-03
   -1.5202777469E-04    1.1107221457E-02    1.5892808198E-02
    1.0437292814E-02   -3.2045914184E-02   -1.8688470626E-02
    6.6854004065E-03    4.6835619878E-03    9.3154330039E-03
    2.0445682242E-02    2.6955189532E-04    2.5775978600E-02
   -3.7995052586E-03   -4.4583153507E-03    2.1799813750E-03
   -2.7121034906E-04    1.1820709911E-03    1.9258586151E-03
    6.2315400320E-03   -9.8776397870E-03    1.7118042860E-02
    1.0006382995E-02    3.6392148498E-03    1.9045564098E-02
    4.4685622336E-03    9.1808963467E-04    1.9144393159E-02
   -1.5581832152E-02    6.9435905413E-03   -1.8781773140E-02
    7.3318534742E-03    6.2329333578E-04    1.4194033170E-02
    1.2983193773E-02   -1.8548555026E-03    2.3941828780E-02
   -4.5358372032E-03    5.9030804522E-03    3.0821233296E-02
    1.3202652079E-03   -9.0882373296E-03   -2.7066230762E-02
   -2.3182859908E-03    2.6929125387E-03    1.5707627010E-02
    7.1215500268E-03   -1.6922000151E-03    2.4587366592E-02
    5.5328586121E-03   -1.4190413203E-02   -1.7498388021E-02
    3.8854751489E-03   -2.9276771692E-06    5.0571823628E-03
    2.8268085263E-02    2.2210602883E-02   -3.9678056718E-03
    9.3342407260E-03    2.1638598227E-03    3.0078328405E-02
    6.7015715163E-03   -4.6877570487E-04    3.3739999270E-02
    1.5478348448E-02   -1.6983939585E-02   -1.3987173997E-01
    3.0397064119E-02    1.3429836453E-02   -6.0491455782E-02
    5.4507822330E-03    1.8613359942E-02    9.4284414468E-03
    1.4681683739E-02    1.5457029652E-02    3.0503363267E-02
    2.8283099502E-04   -1.9555216844E-03    4.0826405942E-02
   -1.4861536425E-02    3.5806221025E-03    2.2039776101E-03
    4.9493600549E-03   -5.9043279021E-03    1.5050439291E-02
    3.0149396876E-02   -3.5808909163E-03    1.7295176588E-02
   -8.4531764786E-04   -1.8615876542E-02   -5.1617046838E-02
    3.5109948400E-02    1.7412839750E-01   -3.8910086773E-02
    0.0000000000E+00    0.0000000000E+00    0.0000000000E+00
    0.0000000000E+00    0.0000000000E+00    0.0000000000E+00
    0.0000000000E+00    0.0000000000E+00    0.0000000000E+00
    0.0000000000E+00    0.0000000000E+00    0.0000000000E+00
    0.0000000000E+00    0.0000000000E+00    0.0000000000E+00
    0.0000000000E+00    0.0000000000E+00    0.0000000000E+00
    0.0000000000E+00    0.0000000000E+00    0.0000000000E+00
    0.0000000000E+00    0.0000000000E+00    0.0000000000E+00
    0.0000000000E+00    0.0000000000E+00    0.0000000000E+00
    0.0000000000E+00    0.0000000000E+00    0.0000000000E+00
    0.0000000000E+00    0.0000000000E+00    0.0000000000E+00
    0.0000000000E+00    0.0000000000E+00    0.0000000000E+00
    0.0000000000E+00    0.0000000000E+00    0.0000000000E+00
    0.0000000000E+00    0.0000000000E+00    0.0000000000E+00
    0.0000000000E+00    0.0000000000E+00    0.0000000000E+00
    0.0000000000E+00    0.0000000000E+00    0.0000000000E+00
    0.0000000000E+00    0.0000000000E+00    0.0000000000E+00
    0.0000000000E+00    0.0000000000E+00    0.0000000000E+00
    0.0000000000E+00    0.0000000000E+00    0.0000000000E+00
    0.0000000000E+00    0.0000000000E+00    0.0000000000E+00
    0.0000000000E+00    0.0000000000E+00    0.0000000000E+00
    0.0000000000E+00    0.0000000000E+00    0.0000000000E+00
    0.0000000000E+00    0.0000000000E+00    0.0000000000E+00
    0.0000000000E+00    0.0000000000E+00    0.0000000000E+00
    0.0000000000E+00    0.0000000000E+00    0.0000000000E+00
    0.0000000000E+00    0.0000000000E+00    0.0000000000E+00
    0.0000000000E+00    0.0000000000E+00    0.0000000000E+00
    0.0000000000E+00    0.0000000000E+00    0.0000000000E+00
    0.0000000000E+00    0.0000000000E+00    0.0000000000E+00
    0.0000000000E+00    0.0000000000E+00    0.0000000000E+00
    0.0000000000E+00    0.0000000000E+00    0.0000000000E+00
    0.0000000000E+00    0.0000000000E+00    0.0000000000E+00
    5.4788893115E-03    4.8324332720E-03   -1.9266619810E-02
   -2.0746354795E-02    1.2346031096E-02    7.0986362905E-03
   -2.8119270467E-02    1.4444698413E-02    1.1998094158E-02
   -4.1257090363E-04   -2.5908686040E-02    7.6370880309E-03
    2.6820027504E-02    1.0511173478E-03    1.1113464810E-02
   -9.4127229560E-03    4.7511090648E-03   -5.0918428008E-04
   -8.4855149238E-03   -3.1832690256E-02    2.4468850575E-02
    2.9499905857E-02   -1.9169846580E-02   -7.0087628063E-03
   -1.1600309084E-02    4.2907947232E-02   -5.7722996563E-03
   -3.8711704427E-02    1.0339384868E-02    9.7670311540E-03
   -4.7209022372E-02   -1.7559290996E-02    7.1349850899E-03
    1.5341702443E-02    2.6228388446E-03    4.1808101751E-02
    2.4852945174E-02    9.1536303521E-03    4.4454998881E-02
   -2.6797234123E-02    4.3609013174E-03    1.8603170436E-02
   -1.5287927824E-02    5.3999330620E-03   -1.4977457852E-02
    1.9364562988E-02   -1.0817349787E-02   -4.2129776238E-02
    2.0365920216E-02   -2.3437739207E-02    1.3155228079E-02
    1.4962580532E-02   -3.7638206406E-03    7.0117155735E-02
   -1.8808394005E-02   -8.2868074392E-03   -1.0144143979E-02
   -5.5334485381E-02    2.4932744138E-02    1.9114108465E-03
    2.1044928118E-02    1.8274598552E-02    1.7298286414E-02
    1.6152518789E-02   -2.3466891926E-03    3.4236836985E-02
    9.4017701039E-03   -1.3574120352E-02   -2.3553706443E-02
    1.1914160657E-02    9.3705273904E-04    4.4961496422E-02
    8.7061493568E-03   -3.8510041437E-03    4.6371904602E-03
    1.8762407111E-02   -1.5091841756E-02    3.0596360909E-02
   -3.3342045638E-02   -3.8190326759E-03    4.0122883717E-02
   -1.6382968080E-02   -2.6938939899E-03   -1.0896307929E-01
    3.9039833092E-04   -5.8649314804E-02   -5.5784321414E-02
   -4.0446073775E-03    6.2026230827E-02    1.1518673770E-02
    1.2056085749E-02    1.2554169810E-02    3.7097424808E-02
    4.3877061148E-02   -9.6470349261E-04   -6.4190390349E-03
   -2.1630786692E-02    4.4329173831E-02    1.5246277866E-03
    1.9738843716E-02   -3.6994895854E-02    6.6716132987E-03
    1.1137694846E-01   -6.8439504195E-02    2.1841341802E-02
   -8.5762716162E-02    2.2012352384E-02   -7.3878578809E-02
   -1.9273054817E-03   -2.5668896260E-03    4.5609103550E-04
    3.0911239577E-02   -2.7155938627E-03    2.9173325437E-02
   -5.7843695998E-02   -5.6546211170E-02   -7.6357953346E-02
    1.5614019392E-03    2.7539120296E-02    3.5529589426E-02
   -1.9791121524E-02   -5.6404846637E-02   -3.7373479051E-02
    1.8018319164E-02    1.2041322762E-02    4.1888806564E-02
    1.2980659017E-02    5.3075083908E-02    4.2714791822E-02
   -3.3969415904E-02   -1.4065711856E-02   -5.9034701481E-02
    8.8609526744E-03    1.4094931299E-02    1.0700961421E-01
   -2.9688231133E-02    5.5159381034E-02    1.8568387130E-01
   -1.1839004981E-02    4.3384133344E-03   -1.1346213393E-02
    2.9253845727E-02    1.4408504795E-02   -2.8591608223E-02
    4.8780856134E-02    3.0115244236E-02   -4.1672815829E-02
    7.6563090813E-02    3.3706087263E-02   -8.0997923581E-04
    1.5700731019E-02    3.8489859561E-02   -5.4430513071E-03
    8.3548848799E-04   -4.5042251176E-02   -5.5823013684E-02
    7.5060085326E-02    9.0149653825E-02   -8.0366343201E-02
    1.8758196003E-03    1.5559499796E-03    3.9294856830E-02
    4.2857805486E-02   -2.1683592251E-02   -1.3601872820E-03
    5.6553124799E-02    3.7131302077E-03   -4.0238769163E-01
   -3.0634214704E-02    1.2662182633E-02    5.8651575806E-03
    4.8321387708E-03    1.8716315503E-02   -1.9637754246E-02
    6.8115313366E-02    2.3907252150E-02   -2.2558065481E-02
    1.5768156136E-02   -6.7392405102E-02    7.2746221699E-02
    2.8770777037E-02   -1.9658081827E-02   -1.2544976332E-02
   -6.5226127170E-02   -1.9625971770E-02    2.0113953836E-02
    9.1933302553E-03    3.7975576097E-02    2.2823478015E-02
   -4.2159273628E-02   -5.0933914981E-03   -2.3922000041E-02
    1.2619822740E-01    2.9375847660E-02   -2.0224743103E-01
   -4.4169502478E-02    1.2556448723E-01   -2.1457885533E-02
    5.1918638082E-02   -2.7082215765E-02   -6.4630567285E-02
   -1.9537117013E-02    3.6475819291E-03    1.8201029479E-02
   -3.9284636276E-02   -1.6171640737E-02   -1.9706952323E-03
   -3.3427704686E-02    1.1856852776E-02    9.9488238591E-03
   -9.2008202356E-02   -5.0601906241E-02   -1.2177068278E-02
   -3.8151046587E-02    1.6583146750E-03    1.1603388719E-02
   -3.1589185657E-02    7.8056873807E-03    1.1301605456E-02
    8.2476918213E-02   -1.0186279097E-01   -1.6853547651E-02
   -3.6843737906E-02    5.7908646363E-03    9.3426616054E-03
   -3.4966966827E-02   -7.6867022930E-02   -4.0723881875E-02
   -3.7752360082E-02   -5.4241491684E-02    5.3135837648E-03
   -1.1360739919E-01    4.3298380246E-01    4.6557071573E-02
   -7.1248758529E-02   -3.7502487134E-02    2.9006233934E-02
   -5.3536556981E-02    1.0609977935E-03    1.0101299235E-02
   -3.6071800441E-02    8.1485848737E-03    1.0914206616E-02
   -5.9827246714E-02   -3.6490243817E-02   -1.6885242593E-02
   -4.4014207304E-02   -8.3199899599E-05    8.2338571065E-03
   -1.9860996126E-02   -1.1396258459E-01   -4.4977816682E-02
   -3.0930002864E-02   -2.5015191369E-01   -1.3634572545E-01
    5.7908610706E-03   -1.8995398041E-01   -8.0504625840E-02
