    0.0000000000E+00    0.0000000000E+00    0.0000000000E+00
    0.0000000000E+00    0.0000000000E+00    0.0000000000E+00
    0.0000000000E+00    0.0000000000E+00    0.0000000000E+00
    0.0000000000E+00    0.0000000000E+00    0.0000000000E+00
    0.0000000000E+00    0.0000000000E+00    0.0000000000E+00
    0.0000000000E+00    0.0000000000E+00    0.0000000000E+00
    0.0000000000E+00    0.0000000000E+00    0.0000000000E+00
    0.0000000000E+00    0.0000000000E+00    0.0000000000E+00
    0.0000000000E+00    0.0000000000E+00    0.0000000000E+00
    0.0000000000E+00    0.0000000000E+00    0.0000000000E+00
    0.0000000000E+00    0.0000000000E+00    0.0000000000E+00
    0.0000000000E+00    0.0000000000E+00    0.0000000000E+00
    0.0000000000E+00    0.0000000000E+00    0.0000000000E+00
    0.0000000000E+00    0.0000000000E+00    0.0000000000E+00
    0.0000000000E+00    0.0000000000E+00    0.0000000000E+00
    0.0000000000E+00    0.0000000000E+00    0.0000000000E+00
   -1.5051789219E-03   -3.0042493904E-03   -9.2457205599E-04
   -4.6254650410E-03    1.6907940224E-04   -4.2626459293E-04
    5.5443878413E-04   -8.5592000395E-04   -1.5244929805E-04
    6.7103348479E-04   -1.4194518632E-03    2.9999056708E-03
   -1.8034344663E-04    6.8837749487E-04   -1.6617410885E-03
   -3.8523403723E-03   -6.4905028093E-04   -3.4171224785E-03
    2.8972083824E-03   -6.4432100453E-03   -1.5562996725E-02
   -6.1615416990E-04    1.3595601031E-03   -1.3314586127E-04
   -8.7832323885E-04    1.9626724414E-03   -1.5930405340E-03
   -3.9481119610E-03    4.2198089365E-04   -2.0612390713E-04
    3.7739713706E-04   -4.7306064367E-03   -4.2832804148E-03
    6.7989675131E-03    3.4620655001E-03   -6.4840922458E-03
   -4.4461611384E-03   -3.0562818680E-03   -2.2815377489E-03
   -1.0099106113E-02    5.9672756702E-03   -7.7845355561E-03
    3.5923889634E-03   -9.1092141641E-04    6.2042669026E-03
   -1.1253213815E-03   -2.8875053644E-03    3.4788858540E-03
   -4.0081537820E-03   -2.7819837274E-05   -2.0287986954E-03
   -5.3707843202E-03   -6.9909168169E-03   -7.7800509345E-04
   -4.5626959909E-03    1.8910931673E-02   -3.6520248678E-02
   -5.9861107023E-03    1.5420891545E-03    2.4406442968E-03
   -6.5216960867E-03   -4.6423027969E-03   -1.0133237374E-03
   -4.4193590256E-03    2.8731658904E-03    1.0870826449E-03
    3.6283797480E-03   -1.2529640887E-03    9.1042404105E-04
   -1.7330823184E-02   -4.7952875524E-03    1.4972058125E-02
   -6.9480971434E-03   -3.4658609058E-03    3.1617601072E-03
   -9.4854430196E-03   -2.3450820367E-03   -2.7710767482E-03
   -7.0901759394E-03   -1.5217513738E-03    1.8544426077E-03
   -1.1205492464E-02    1.9881475794E-02    4.3001354723E-02
   -3.8757595394E-03   -3.1165740313E-03    6.5518206230E-04
   -2.3335213947E-03   -4.4430693453E-03   -1.1727519070E-03
   -9.1271324300E-03   -4.1485111332E-03   -2.5452072294E-02
   -8.3696998123E-03    4.3944320487E-03    9.5076404056E-04
   -2.0266283026E-01    4.1027820130E-02   -4.2604332491E-03
    0.0000000000E+00    0.0000000000E+00    0.0000000000E+00
    0.0000000000E+00    0.0000000000E+00    0.0000000000E+00
    0.0000000000E+00    0.0000000000E+00    0.0000000000E+00
    0.0000000000E+00    0.0000000000E+00    0.0000000000E+00
    0.0000000000E+00    0.0000000000E+00    0.0000000000E+00
    0.0000000000E+00    0.0000000000E+00    0.0000000000E+00
    0.0000000000E+00    0.0000000000E+00    0.0000000000E+00
    0.0000000000E+00    0.0000000000E+00    0.0000000000E+00
    0.0000000000E+00    0.0000000000E+00    0.0000000000E+00
    0.0000000000E+00    0.0000000000E+00    0.0000000000E+00
    0.0000000000E+00    0.0000000000E+00    0.0000000000E+00
    0.0000000000E+00    0.0000000000E+00    0.0000000000E+00
    0.0000000000E+00    0.0000000000E+00    0.0000000000E+00
    0.0000000000E+00    0.0000000000E+00    0.0000000000E+00
    0.0000000000E+00    0.0000000000E+00    0.0000000000E+00
    0.0000000000E+00    0.0000000000E+00    0.0000000000E+00
    0.0000000000E+00    0.0000000000E+00    0.0000000000E+00
    0.0000000000E+00    0.0000000000E+00    0.0000000000E+00
    0.0000000000E+00    0.0000000000E+00    0.0000000000E+00
    0.0000000000E+00    0.0000000000E+00    0.0000000000E+00
    0.0000000000E+00    0.0000000000E+00    0.0000000000E+00
    0.0000000000E+00    0.0000000000E+00    0.0000000000E+00
    0.0000000000E+00    0.0000000000E+00    0.0000000000E+00
    0.0000000000E+00    0.0000000000E+00    0.0000000000E+00
    0.0000000000E+00    0.0000000000E+00    0.0000000000E+00
    0.0000000000E+00    0.0000000000E+00    0.0000000000E+00
    0.0000000000E+00    0.0000000000E+00    0.0000000000E+00
    0.0000000000E+00    0.0000000000E+00    0.0000000000E+00
    0.0000000000E+00    0.0000000000E+00    0.0000000000E+00
    0.0000000000E+00    0.0000000000E+00    0.0000000000E+00
    0.0000000000E+00    0.0000000000E+00    0.0000000000E+00
    0.0000000000E+00    0.0000000000E+00    0.0000000000E+00
   -1.9621693677E-03   -1.9094664119E-03   -3.5739708882E-04
   -3.9008196760E-03   -6.4342290883E-05   -3.3228183709E-03
   -6.4162590991E-03    3.9134628476E-03   -6.1371550910E-03
    3.9321620875E-03   -1.4158739818E-03    1.6250402822E-03
   -2.5561184833E-03   -2.0423316269E-03   -3.2643546589E-03
   -5.5360095407E-03   -1.8666043719E-03   -2.5108880722E-03
    9.2654637170E-05   -5.6704150005E-05   -2.8293985430E-03
   -1.3177344404E-03    1.8800278429E-03   -1.9656933517E-03
   -3.5358306402E-04   -1.6237804587E-03   -2.9136686390E-03
   -8.9886064596E-04    9.7567384996E-04    4.9565490326E-05
    1.3567561316E-03   -2.0463717128E-03    4.0790718471E-04
   -3.0968858214E-04   -3.0589194529E-04   -2.5680953403E-03
   -2.9131633557E-03   -6.2027187308E-04   -1.9514412354E-03
   -1.5034608426E-03   -7.6034533777E-03   -1.6742060360E-02
    1.1872807536E-03    7.8880311838E-04   -3.3941192324E-03
    2.1969061335E-02    1.7091594500E-02    1.4138619159E-02
   -3.2436600860E-03   -2.4053546755E-03    2.7599455606E-03
   -5.5639667102E-03    3.6786960554E-03   -5.4364523524E-03
    1.4467950637E-02   -1.0229426062E-02    2.2342208724E-02
    9.9091807490E-04    6.3879085478E-04   -1.5645468054E-03
   -3.5046570252E-03   -3.2302978020E-06    3.1850838966E-03
   -2.2061570936E-02    1.4759372363E-02   -1.9840893967E-02
   -2.7233022254E-03    1.0839261943E-02   -2.7911250132E-02
   -2.3159854956E-04   -1.2030824441E-03   -2.0059815889E-03
   -4.7599345508E-03   -2.6739753763E-03   -1.7474648273E-03
   -1.7503159935E-02    5.2057248261E-02    1.5127450771E-02
   -1.4302262102E-04   -2.9775613023E-03    1.7160238179E-03
   -3.4506529686E-05   -1.5258197321E-03    4.4830590394E-03
   -3.0924781553E-03   -2.4484689818E-03    2.9192158215E-03
   -2.8394307934E-03   -9.1844523236E-04   -4.0861932843E-03
   -9.5566383566E-04   -1.1015425617E-03   -6.5778612465E-03
    5.3105697172E-03   -1.9510818706E-03    1.2095167023E-02
   -1.2656627946E-02    4.8294127872E-04    1.3862760869E-04
   -5.7518298113E-03    2.8102954534E-04   -3.8586197503E-03
   -2.0989881586E-02   -1.0599546337E-03   -3.5938730513E-02
    6.9654597331E-04   -1.1340071917E-03   -1.3859393957E-03
   -5.2839580202E-03   -5.2552572034E-04   -3.0675602384E-04
   -1.6000916498E-03   -1.7386826274E-03   -5.4007541454E-03
   -6.5957211483E-03    1.8375695548E-02   -1.1183197087E-02
   -1.0426092253E-02   -1.0593942783E-03    1.7017476076E-03
   -9.0731984223E-03   -2.0496347151E-03   -1.0916682601E-03
   -6.4611624773E-03    1.5782012226E-03   -1.7119287511E-02
   -2.9324885327E-03    8.5394697718E-03    1.0467065462E-02
   -1.1482924600E-02    9.3134130017E-04    8.0905898725E-03
   -4.0636315161E-03   -2.9832282330E-03   -7.9129486585E-03
    6.5238150471E-03    1.1766007946E-03    1.8720924056E-02
   -3.2337042532E-03    4.0665674667E-02   -3.5341526662E-02
   -7.1196851674E-03   -4.9923356053E-03   -2.9473375512E-03
   -6.4401954974E-03   -2.7510267740E-03    1.5293773594E-03
   -9.6023314596E-04   -6.1869738596E-03   -1.2275705278E-02
   -4.5754277573E-03    3.3039198028E-03   -4.5287581567E-03
   -8.0042364261E-03   -5.1316769612E-04    1.0226310093E-02
   -9.0297599470E-03   -2.0789168614E-03   -4.6686333317E-04
   -4.2812441409E-03   -1.2054090381E-03   -5.0588134521E-03
    1.4234480165E-03    1.9068123103E-02   -7.4661782659E-03
   -1.5725448729E-02   -1.6262938346E-02    3.1833867569E-02
   -2.7042972956E-03   -1.1808224982E-03   -1.7050150112E-03
   -1.0190245726E-02   -4.7068705790E-03   -1.6250608144E-02
   -6.7792367332E-02    1.9813701173E-02    6.4493784711E-02
   -6.9470665780E-03   -4.3559873721E-02    3.1960780466E-02
   -7.1075131666E-04   -5.2091476047E-03    4.5837974967E-04
   -2.3167955977E-03   -1.4067449124E-03   -2.8919590149E-03
    1.2086813122E-02    1.9108917153E-02    1.6365606155E-02
   -4.0500426705E-03   -2.4516794816E-03   -8.3213256309E-04
   -5.8479208408E-02   -4.8602620012E-02    5.2090380429E-02
   -3.4376803839E-02    1.2402411516E-01    4.9057392105E-02
    4.6845335410E-02   -4.7303181580E-02   -4.2327049078E-02
    5.5958978217E-02   -2.2408949640E-02   -9.9500752544E-02
    8.3299860476E-02   -2.0335994820E-02    1.8779065453E-02
   -4.8046917120E-01   -1.7496658196E-01   -4.1240282325E-01
    1.2339236510E-01    2.3483386240E-02    1.0836225730E-02
    1.3902746931E-01   -3.1135135318E-02    1.0177627131E-01
   -6.6462768500E-02    2.0977430436E-02   -8.3772487641E-03
    2.0414569436E-01    4.2864327295E-02   -2.1257660739E-02
    3.1861600854E-01    2.3137124281E-02    2.6339903677E-01
    1.4567704009E-01    1.5308795798E-03    2.3736050753E-02
    1.7461218000E-01   -1.3919058505E-02    3.3707634264E-01
