    0.0000000000E+00    0.0000000000E+00    0.0000000000E+00
    0.0000000000E+00    0.0000000000E+00    0.0000000000E+00
    0.0000000000E+00    0.0000000000E+00    0.0000000000E+00
    0.0000000000E+00    0.0000000000E+00    0.0000000000E+00
    0.0000000000E+00    0.0000000000E+00    0.0000000000E+00
    0.0000000000E+00    0.0000000000E+00    0.0000000000E+00
    0.0000000000E+00    0.0000000000E+00    0.0000000000E+00
    0.0000000000E+00    0.0000000000E+00    0.0000000000E+00
    0.0000000000E+00    0.0000000000E+00    0.0000000000E+00
    0.0000000000E+00    0.0000000000E+00    0.0000000000E+00
    0.0000000000E+00    0.0000000000E+00    0.0000000000E+00
    0.0000000000E+00    0.0000000000E+00    0.0000000000E+00
    0.0000000000E+00    0.0000000000E+00    0.0000000000E+00
    0.0000000000E+00    0.0000000000E+00    0.0000000000E+00
    0.0000000000E+00    0.0000000000E+00    0.0000000000E+00
    0.0000000000E+00    0.0000000000E+00    0.0000000000E+00
   -1.4992583897E-02    6.7860989063E-03    1.4976768684E-02
   -9.8916855451E-03   -1.1763355296E-02    7.6001144053E-03
    1.2672191290E-02    5.5178598701E-03   -1.1793762659E-02
    2.2575847678E-02   -2.0252099015E-02    2.3231869389E-02
   -1.7041593216E-03   -8.0139948728E-03    3.2854933291E-02
   -1.4217271117E-02    1.0176378050E-02   -1.0277198191E-02
   -5.7406567980E-04   -1.8589857870E-03   -1.5807536902E-02
    1.6720682640E-02   -4.4927275721E-03    1.5930802229E-02
    1.4274891332E-02   -1.4255297007E-04    3.1740809138E-02
   -2.0872126997E-02   -9.6908638319E-03    1.1167793549E-03
   -3.1354693007E-03   -2.0117241754E-03    1.1859718840E-03
    9.9761478160E-03   -2.1184413157E-03   -6.2589521281E-04
   -2.1653549195E-02    2.7636525639E-03    1.5081612001E-02
   -2.7491071470E-04   -3.5520332320E-03   -1.0434085725E-02
    1.2197387271E-02    8.2547748789E-03    1.8632324772E-02
    1.4392428334E-02    1.0279075630E-02    6.9489800900E-03
   -2.0638628237E-02   -2.8155557485E-02   -8.6558258569E-04
   -1.7766501518E-02    1.8369215233E-02   -1.1994795674E-02
    4.1046453959E-02   -2.4219173904E-02   -1.7419142125E-02
    2.3873113153E-02    1.3707701284E-02    3.3786874725E-03
   -2.1801496337E-02    1.4806470948E-02    2.2101776426E-03
   -3.5444688415E-02   -2.0886462586E-02   -6.0761509999E-03
    1.6987817483E-02    1.2483608057E-02   -1.0764739033E-02
    5.5436353098E-02   -1.2011038699E-02   -1.0020471946E-01
   -1.2750339057E-02    1.3297979455E-02   -3.1560879211E-03
   -3.4731069706E-02   -3.9905369376E-03    9.3985005688E-03
    6.8523589116E-03    1.0075332533E-02   -1.2501450785E-02
    3.3422392790E-02    8.7487557382E-03    3.9595937285E-03
    4.2547022060E-03   -3.0881499329E-03   -8.9187484310E-03
   -2.8906101515E-02   -9.4340683745E-03   -2.9907879479E-03
   -1.5328149218E-02   -2.3893309961E-02   -1.7016999415E-02
    3.7778779495E-02    3.2066517938E-02   -1.8535255813E-02
   -6.3879503477E-02   -1.0808015146E-01    4.1642267263E-02
    0.0000000000E+00    0.0000000000E+00    0.0000000000E+00
    0.0000000000E+00    0.0000000000E+00    0.0000000000E+00
    0.0000000000E+00    0.0000000000E+00    0.0000000000E+00
    0.0000000000E+00    0.0000000000E+00    0.0000000000E+00
    0.0000000000E+00    0.0000000000E+00    0.0000000000E+00
    0.0000000000E+00    0.0000000000E+00    0.0000000000E+00
    0.0000000000E+00    0.0000000000E+00    0.0000000000E+00
    0.0000000000E+00    0.0000000000E+00    0.0000000000E+00
    0.0000000000E+00    0.0000000000E+00    0.0000000000E+00
    0.0000000000E+00    0.0000000000E+00    0.0000000000E+00
    0.0000000000E+00    0.0000000000E+00    0.0000000000E+00
    0.0000000000E+00    0.0000000000E+00    0.0000000000E+00
    0.0000000000E+00    0.0000000000E+00    0.0000000000E+00
    0.0000000000E+00    0.0000000000E+00    0.0000000000E+00
    0.0000000000E+00    0.0000000000E+00    0.0000000000E+00
    0.0000000000E+00    0.0000000000E+00    0.0000000000E+00
    0.0000000000E+00    0.0000000000E+00    0.0000000000E+00
    0.0000000000E+00    0.0000000000E+00    0.0000000000E+00
    0.0000000000E+00    0.0000000000E+00    0.0000000000E+00
    0.0000000000E+00    0.0000000000E+00    0.0000000000E+00
    0.0000000000E+00    0.0000000000E+00    0.0000000000E+00
    0.0000000000E+00    0.0000000000E+00    0.0000000000E+00
    0.0000000000E+00    0.0000000000E+00    0.0000000000E+00
    0.0000000000E+00    0.0000000000E+00    0.0000000000E+00
    0.0000000000E+00    0.0000000000E+00    0.0000000000E+00
    0.0000000000E+00    0.0000000000E+00    0.0000000000E+00
    0.0000000000E+00    0.0000000000E+00    0.0000000000E+00
    0.0000000000E+00    0.0000000000E+00    0.0000000000E+00
    0.0000000000E+00    0.0000000000E+00    0.0000000000E+00
    0.0000000000E+00    0.0000000000E+00    0.0000000000E+00
    0.0000000000E+00    0.0000000000E+00    0.0000000000E+00
    0.0000000000E+00    0.0000000000E+00    0.0000000000E+00
    3.2096988789E-02    1.7849642579E-02   -5.8631246768E-02
    1.1008933667E-02    1.1069479202E-02   -1.1642543898E-02
   -2.6908174759E-03   -5.2070618543E-03    3.7251281272E-03
    7.1084322617E-03   -5.5813036968E-03   -7.9861854026E-03
    2.9083807758E-03   -3.5044206076E-03   -6.0347920523E-03
   -2.1555797048E-03    8.0130653059E-04   -2.2207024273E-03
   -1.1814075223E-03   -1.8044227692E-03   -5.4354613010E-03
   -8.2867202187E-04    1.7618481489E-02    1.2910416113E-02
    1.3474875226E-02    2.5906427657E-03   -5.9071368354E-03
    5.3107598045E-04   -1.3454905931E-03   -1.4360175696E-03
    1.6872244112E-03    4.6452111943E-03    8.9566463085E-04
   -4.9551012166E-04   -2.3000510669E-03   -8.1840602651E-03
    7.4867549836E-03   -5.6369204084E-03   -2.2673770947E-03
   -2.7450465433E-03   -2.7761699858E-03   -3.0877899512E-03
   -5.9812606731E-03   -4.1395405615E-03   -8.4112683739E-03
   -3.5189213127E-03    3.6013487322E-03   -7.5298570349E-03
    9.6325501759E-03    2.8394742662E-03   -9.2388603796E-04
    6.4229630071E-03    2.3863403467E-04   -7.3264498898E-04
   -4.6951605129E-02    4.2473160619E-03    6.4385535309E-03
   -8.6244675378E-03   -1.7810196427E-02   -8.1525287477E-04
    9.8909823171E-03    4.1520778579E-03   -1.0403073888E-02
    1.1474240994E-02   -5.7850732239E-03   -2.8144328737E-03
   -1.3378383756E-02   -6.0915490401E-03    1.1382402535E-02
   -3.7825008543E-03   -3.3174343624E-04   -8.8821539243E-03
    5.7011799461E-03   -4.8403570893E-03   -1.4599656432E-02
    1.0350724863E-02    6.2080766652E-03    5.3732360733E-04
   -1.5186940505E-03    2.8230315400E-03   -4.7248863968E-03
   -2.6396873940E-02    2.3865038374E-02    2.1722110512E-02
    7.6984104937E-03   -3.8637869800E-03   -1.0216676917E-02
   -1.6000523740E-02   -3.3736067417E-02   -2.0207974760E-02
   -1.2911979443E-03   -2.2229726945E-05    1.3338592443E-02
   -1.4477971174E-03    6.7699907559E-03   -1.8208051133E-03
   -1.7401821944E-03    5.3372659460E-03   -2.4043629171E-02
   -1.1323239124E-03   -2.2802228975E-03   -2.3295949771E-03
    2.0393779069E-02   -1.7927811403E-02   -6.8173337008E-03
    4.5496374142E-03   -6.0408547813E-03   -1.4971260448E-03
    9.4537635420E-03    2.8384701066E-04   -2.0418261714E-03
    1.3343734473E-02    1.6704730713E-02    3.7648274175E-03
    1.1542531591E-03    9.1148597326E-03    9.3647759896E-02
   -4.4383183133E-03   -6.5035291634E-03   -9.9858215479E-03
    1.7819449691E-02    2.9888679583E-03   -8.8989873610E-03
   -1.3284826957E-04    8.0492898132E-03    6.0061854239E-03
   -1.4933836715E-02   -2.1008627820E-03   -1.6676864847E-03
    3.8915282029E-04    6.1040598431E-04   -7.4311005007E-03
    1.5576865801E-02    1.2446378217E-02   -4.5977198339E-03
    3.8212061967E-03   -1.6668246442E-02    5.4024719474E-03
    3.1507552206E-02    9.5928329341E-02    9.7997339447E-02
   -6.5904949385E-03   -1.2391777621E-02   -2.6974862695E-03
    2.6532984159E-02   -2.5654454712E-02    6.1366830573E-03
    5.0761210284E-04    6.5250168477E-03   -4.1211516639E-03
   -7.0992510548E-03   -7.9424107482E-03   -2.7674771645E-03
   -1.6874858176E-02    1.7847087258E-02    1.2653398674E-02
    1.0706054689E-02    4.2071126121E-03    4.7791857686E-03
    3.4982425263E-03    8.6678884186E-03   -4.1614317235E-03
    3.8911962455E-03    5.9731275342E-03   -4.7176044409E-03
   -1.4666314816E-02   -3.2478738820E-02    1.0918189353E-02
    9.4388594288E-03    6.8465628501E-03   -1.9992178951E-03
    1.2931017941E-02   -1.1044569805E-02    2.2027375110E-03
    6.1237780804E-03   -8.2943619334E-03   -2.5956585218E-02
   -1.5640436690E-02    1.0618026633E-02   -5.3178333908E-03
    6.7788817243E-03    1.1610459728E-02   -7.1153015412E-03
    3.6353327540E-03   -3.9234481770E-04   -2.4307941441E-03
   -2.4711015190E-02   -1.0881896680E-02   -1.8040790344E-02
   -3.8887346224E-03   -1.9164892800E-02   -8.8189514204E-04
   -1.1942421056E-01    1.7127121911E-01    6.0942933206E-01
   -2.0306121996E-02    5.2513888717E-02    3.1146764595E-02
   -1.0733704184E-01   -8.0305812959E-02    1.3450439692E-01
    2.1698529521E-02   -3.9910950806E-03    4.3808565141E-02
    3.3646349377E-01    1.4554659510E-01   -4.7293543819E-01
    1.8664577909E-02   -1.6695597536E-02    3.5101123902E-03
   -3.1554494886E-02   -2.5816054875E-02    3.8013762568E-02
   -3.1646838218E-02    2.4766360322E-02   -2.7224980401E-02
   -4.9760398656E-02    4.0941605495E-03   -5.0339716052E-02
   -1.7180306907E-02   -3.9138451729E-02   -7.8331397833E-02
    1.4012629524E-02    5.4896401564E-04   -1.0959385801E-01
   -6.9295836138E-02   -6.0032591178E-02    5.4247328370E-03
   -6.0973731020E-02   -3.7878995071E-02    1.7064518900E-01
